# Spherical Bessel functions via up and down recursion
# x    d_rec    u_rec    gsl    relerr_ud   relerr_dg
-1.000000 -2.01383753e+01             nan -2.01383753e+01  0.00000000e+00  0.00000000e+00
-0.698970 -1.71283586e+01             nan -1.71283586e+01  0.00000000e+00  0.00000000e+00
-0.522879 -1.53679181e+01 -3.40801702e+00 -1.53679181e+01 -9.52610888e-13 -9.52610888e-13
-0.397940 -1.41191918e+01             nan -1.41191918e+01  0.00000000e+00  0.00000000e+00
-0.301030 -1.31509417e+01             nan -1.31509417e+01  0.00000000e+00  0.00000000e+00
-0.221849 -1.23601683e+01 -5.41845032e+00 -1.23601683e+01 -9.93336334e-08 -9.93336334e-08
-0.154902 -1.16919287e+01             nan -1.16919287e+01  0.00000000e+00  0.00000000e+00
-0.096910 -1.11134268e+01             nan -1.11134268e+01  0.00000000e+00  0.00000000e+00
-0.045757 -1.06035086e+01 -7.55762675e+00 -1.06035086e+01 -7.81506495e-04 -7.81506495e-04
-0.000000 -1.01477303e+01 -7.39782984e+00 -1.01477303e+01 -1.54494943e-03 -1.54494943e-03
0.041393 -9.73578995e+00 -8.23207998e+00 -9.73578995e+00 -2.72424842e-02 -2.72424842e-02
0.079181 -9.36008084e+00             nan -9.36008084e+00  0.00000000e+00  0.00000000e+00
0.113943 -9.01482653e+00             nan -9.01482653e+00  0.00000000e+00  0.00000000e+00
0.146128 -8.69553696e+00 -8.64583381e+00 -8.69553696e+00 -1.24290407e+00 -1.24290407e+00
0.176091 -8.39865276e+00 -8.46222179e+00 -8.39865276e+00 -1.13634316e+00 -1.13634316e+00
0.204120 -8.12130463e+00 -8.13450085e+00 -8.12130463e+00 -1.81839806e+00 -1.81839806e+00
0.230449 -7.86114573e+00 -7.86235464e+00 -7.86114573e+00 -2.85641986e+00 -2.85641986e+00
0.255273 -7.61623210e+00 -7.61619298e+00 -7.61623210e+00 -4.34650786e+00 -4.34650786e+00
0.278754 -7.38493542e+00 -7.38420763e+00 -7.38493542e+00 -3.07680920e+00 -3.07680920e+00
0.301030 -7.16587820e+00 -7.16531237e+00 -7.16587820e+00 -3.18613081e+00 -3.18613081e+00
0.322219 -6.95788479e+00 -6.95787019e+00 -6.95788479e+00 -4.77449424e+00 -4.77449424e+00
0.342423 -6.75994379e+00 -6.75994994e+00 -6.75994379e+00 -5.15009982e+00 -5.15009982e+00
0.361728 -6.57117882e+00 -6.57115465e+00 -6.57117882e+00 -4.55558057e+00 -4.55558057e+00
0.380211 -6.39082553e+00 -6.39082285e+00 -6.39082553e+00 -5.50999813e+00 -5.50999813e+00
0.397940 -6.21821331e+00 -6.21821190e+00 -6.21821331e+00 -5.78879740e+00 -5.78879740e+00
0.414973 -6.05275057e+00 -6.05274972e+00 -6.05275057e+00 -6.01121327e+00 -6.01121327e+00
0.431364 -5.89391279e+00 -5.89391169e+00 -5.89391279e+00 -5.89965631e+00 -5.89965631e+00
0.447158 -5.74123280e+00 -5.74123278e+00 -5.74123280e+00 -7.56711902e+00 -7.56711901e+00
0.462398 -5.59429271e+00 -5.59429281e+00 -5.59429271e+00 -6.93154350e+00 -6.93154350e+00
0.477121 -5.45271721e+00 -5.45271734e+00 -5.45271721e+00 -6.85031420e+00 -6.85031421e+00
0.491362 -5.31616804e+00 -5.31616801e+00 -5.31616804e+00 -7.54350779e+00 -7.54350776e+00
0.505150 -5.18433922e+00 -5.18433920e+00 -5.18433922e+00 -7.69450254e+00 -7.69450252e+00
0.518514 -5.05695313e+00 -5.05695313e+00 -5.05695313e+00 -8.38286171e+00 -8.38286175e+00
0.531479 -4.93375710e+00 -4.93375711e+00 -4.93375710e+00 -7.88020018e+00 -7.88020017e+00
0.544068 -4.81452054e+00 -4.81452054e+00 -4.81452054e+00 -8.11024118e+00 -8.11024116e+00
0.556303 -4.69903244e+00 -4.69903244e+00 -4.69903244e+00 -9.58920711e+00 -9.58920668e+00
0.568202 -4.58709921e+00 -4.58709921e+00 -4.58709921e+00 -9.45201133e+00 -9.45201133e+00
0.579784 -4.47854287e+00 -4.47854287e+00 -4.47854287e+00 -9.64344425e+00 -9.64344366e+00
0.591065 -4.37319940e+00 -4.37319940e+00 -4.37319940e+00 -9.15685571e+00 -9.15685566e+00
0.602060 -4.27091733e+00 -4.27091733e+00 -4.27091733e+00 -9.47533893e+00 -9.47533844e+00
0.612784 -4.17155652e+00 -4.17155652e+00 -4.17155652e+00 -9.36737167e+00 -9.36737146e+00
0.623249 -4.07498706e+00 -4.07498706e+00 -4.07498706e+00 -9.62793658e+00 -9.62793687e+00
0.633468 -3.98108830e+00 -3.98108830e+00 -3.98108830e+00 -1.03383454e+01 -1.03383466e+01
0.643453 -3.88974803e+00 -3.88974803e+00 -3.88974803e+00 -1.04542018e+01 -1.04542005e+01
0.653213 -3.80086171e+00 -3.80086171e+00 -3.80086171e+00 -1.14618022e+01 -1.14617914e+01
0.662758 -3.71433179e+00 -3.71433179e+00 -3.71433179e+00 -1.07655361e+01 -1.07655343e+01
0.672098 -3.63006712e+00 -3.63006712e+00 -3.63006712e+00 -1.13375018e+01 -1.13375345e+01
0.681241 -3.54798244e+00 -3.54798244e+00 -3.54798244e+00 -1.10806878e+01 -1.10806828e+01
0.690196 -3.46799785e+00 -3.46799785e+00 -3.46799785e+00 -1.13894360e+01 -1.13894106e+01
0.698970 -3.39003842e+00 -3.39003842e+00 -3.39003842e+00 -1.14244787e+01 -1.14244633e+01
0.707570 -3.31403378e+00 -3.31403378e+00 -3.31403378e+00 -1.22719132e+01 -1.22717772e+01
0.716003 -3.23991779e+00 -3.23991779e+00 -3.23991779e+00 -1.16511070e+01 -1.16510704e+01
0.724276 -3.16762819e+00 -3.16762819e+00 -3.16762819e+00 -1.15756778e+01 -1.15756647e+01
0.732394 -3.09710636e+00 -3.09710636e+00 -3.09710636e+00 -1.17016198e+01 -1.17016494e+01
0.740363 -3.02829701e+00 -3.02829701e+00 -3.02829701e+00 -1.22454670e+01 -1.22455554e+01
0.748188 -2.96114798e+00 -2.96114798e+00 -2.96114798e+00 -1.22245783e+01 -1.22246505e+01
0.755875 -2.89561000e+00 -2.89561000e+00 -2.89561000e+00 -1.25630454e+01 -1.25630454e+01
0.763428 -2.83163652e+00 -2.83163652e+00 -2.83163652e+00 -1.20704081e+01 -1.20705584e+01
0.770852 -2.76918348e+00 -2.76918348e+00 -2.76918348e+00 -1.25575166e+01 -1.25577165e+01
0.778151 -2.70820923e+00 -2.70820923e+00 -2.70820923e+00 -1.27084140e+01 -1.27089058e+01
0.785330 -2.64867428e+00 -2.64867428e+00 -2.64867428e+00 -1.41826765e+01 -1.41639271e+01
0.792392 -2.59054125e+00 -2.59054125e+00 -2.59054125e+00 -1.29216423e+01 -1.29170723e+01
0.799341 -2.53377468e+00 -2.53377468e+00 -2.53377468e+00 -1.34654431e+01 -1.33976913e+01
0.806180 -2.47834095e+00 -2.47834095e+00 -2.47834095e+00 -1.32459995e+01 -1.32480009e+01
0.812913 -2.42420816e+00 -2.42420816e+00 -2.42420816e+00 -1.38246782e+01 -1.38365311e+01
0.819544 -2.37134603e+00 -2.37134603e+00 -2.37134603e+00 -1.39500910e+01 -1.39345789e+01
0.826075 -2.31972581e+00 -2.31972581e+00 -2.31972581e+00 -1.41857714e+01 -1.41857714e+01
0.832509 -2.26932020e+00 -2.26932020e+00 -2.26932020e+00 -1.46021478e+01 -1.45883596e+01
0.838849 -2.22010328e+00 -2.22010328e+00 -2.22010328e+00 -1.51013338e+01 -1.50635452e+01
0.845098 -2.17205042e+00 -2.17205042e+00 -2.17205042e+00 -1.39403593e+01 -1.39331007e+01
0.851258 -2.12513823e+00 -2.12513823e+00 -2.12513823e+00 -1.41105867e+01 -1.41304815e+01
0.857332 -2.07934448e+00 -2.07934448e+00 -2.07934448e+00 -1.36602360e+01 -1.36581728e+01
0.863323 -2.03464807e+00 -2.03464807e+00 -2.03464807e+00 -1.42010769e+01 -1.41883026e+01
0.869232 -1.99102896e+00 -1.99102896e+00 -1.99102896e+00 -1.40495815e+01 -1.40373470e+01
0.875061 -1.94846813e+00 -1.94846813e+00 -1.94846813e+00 -1.47516038e+01 -1.47709089e+01
0.880814 -1.90694753e+00 -1.90694753e+00 -1.90694753e+00 -1.44066642e+01 -1.44646561e+01
0.886491 -1.86645005e+00 -1.86645005e+00 -1.86645005e+00 -1.40135061e+01 -1.40221634e+01
0.892095 -1.82695947e+00 -1.82695947e+00 -1.82695947e+00 -1.43715174e+01 -1.43715174e+01
0.897627 -1.78846042e+00 -1.78846042e+00 -1.78846042e+00 -1.39945857e+01 -1.40038264e+01
0.903090 -1.75093837e+00 -1.75093837e+00 -1.75093837e+00 -1.46876121e+01 -1.47793824e+01
0.908485 -1.71437960e+00 -1.71437960e+00 -1.71437960e+00 -1.42402102e+01 -1.42334768e+01
0.913814 -1.67877116e+00 -1.67877116e+00 -1.67877116e+00 -1.45906369e+01 -1.45768486e+01
0.919078 -1.64410083e+00 -1.64410083e+00 -1.64410083e+00 -1.48156389e+01 -1.50027256e+01
0.924279 -1.61035714e+00 -1.61035714e+00 -1.61035714e+00 -1.47354393e+01 -1.47354393e+01
0.929419 -1.57752933e+00 -1.57752933e+00 -1.57752933e+00 -1.45300279e+01 -1.46150387e+01
0.934498 -1.54560732e+00 -1.54560732e+00 -1.54560732e+00 -1.56131024e+01 -1.54370112e+01
0.939519 -1.51458174e+00 -1.51458174e+00 -1.51458174e+00 -1.54680368e+01 -1.54010900e+01
0.944483 -1.48444384e+00 -1.48444384e+00 -1.48444384e+00 -1.48613526e+01 -1.50722059e+01
0.949390 -1.45518556e+00 -1.45518556e+00 -1.45518556e+00 -1.46621315e+01 -1.46823349e+01
0.954243 -1.42679948e+00 -1.42679948e+00 -1.42679948e+00 -1.54308803e+01            -inf
0.959041 -1.39927881e+00 -1.39927881e+00 -1.39927881e+00 -1.54584009e+01 -1.54584009e+01
0.963788 -1.37261741e+00 -1.37261741e+00 -1.37261741e+00 -1.48830024e+01 -1.51840324e+01
0.968483 -1.34680977e+00 -1.34680977e+00 -1.34680977e+00 -1.58119000e+01 -1.53347787e+01
0.973128 -1.32185101e+00 -1.32185101e+00 -1.32185101e+00 -1.52927907e+01 -1.52347988e+01
0.977724 -1.29773689e+00 -1.29773689e+00 -1.29773689e+00 -1.46568529e+01 -1.50480595e+01
0.982271 -1.27446381e+00 -1.27446381e+00 -1.27446381e+00 -1.58842459e+01 -1.48842459e+01
0.986772 -1.25202882e+00 -1.25202882e+00 -1.25202882e+00 -1.53046209e+01 -1.55087409e+01
0.991226 -1.23042963e+00 -1.23042963e+00 -1.23042963e+00 -1.56272501e+01 -1.57521889e+01
0.995635 -1.20966461e+00 -1.20966461e+00 -1.20966461e+00 -1.62500751e+01 -1.51361318e+01
1.000000 -1.18973283e+00 -1.18973283e+00 -1.18973283e+00 -1.59689769e+01            -inf
1.004321 -1.17063405e+00 -1.17063405e+00 -1.17063405e+00 -1.59880757e+01 -1.56870457e+01
1.008600 -1.15236878e+00 -1.15236878e+00 -1.15236878e+00            -inf -1.60063410e+01
1.012837 -1.13493824e+00 -1.13493824e+00 -1.13493824e+00 -1.52456203e+01 -1.55466503e+01
1.017033 -1.11834449e+00 -1.11834449e+00 -1.11834449e+00 -1.53413953e+01 -1.54383053e+01
1.021189 -1.10259036e+00 -1.10259036e+00 -1.10259036e+00 -1.60561194e+01            -inf
1.025306 -1.08767957e+00 -1.08767957e+00 -1.08767957e+00 -1.57700002e+01            -inf
1.029384 -1.07361672e+00 -1.07361672e+00 -1.07361672e+00 -1.60850930e+01 -1.56079718e+01
1.033424 -1.06040739e+00 -1.06040739e+00 -1.06040739e+00            -inf -1.56211811e+01
1.037426 -1.04805816e+00 -1.04805816e+00 -1.04805816e+00 -1.61106516e+01 -1.61106516e+01
1.041393 -1.03657671e+00 -1.03657671e+00 -1.03657671e+00 -1.55200731e+01 -1.58211031e+01
1.045323 -1.02597187e+00 -1.02597187e+00 -1.02597187e+00            -inf -1.61327379e+01
1.049218 -1.01625373e+00 -1.01625373e+00 -1.01625373e+00 -1.61424560e+01 -1.58414260e+01
1.053078 -1.00743375e+00 -1.00743375e+00 -1.00743375e+00            -inf -1.61512760e+01
1.056905 -9.99524829e-01 -9.99524829e-01 -9.99524829e-01 -1.58581549e+01 -1.53140869e+01
1.060698 -9.92541507e-01 -9.92541507e-01 -9.92541507e-01 -1.58651383e+01 -1.61661682e+01
1.064458 -9.86500061e-01 -9.86500061e-01 -9.86500061e-01 -1.56950884e+01 -1.54732397e+01
1.068186 -9.81418712e-01 -9.81418712e-01 -9.81418712e-01 -1.58762610e+01 -1.57001698e+01
1.071882 -9.77317820e-01 -9.77317820e-01 -9.77317820e-01 -1.61813919e+01 -1.61813919e+01
1.075547 -9.74220123e-01 -9.74220123e-01 -9.74220123e-01 -1.58834596e+01            -inf
1.079181 -9.72151014e-01 -9.72151014e-01 -9.72151014e-01 -1.61865587e+01            -inf
1.082785 -9.71138863e-01 -9.71138863e-01 -9.71138863e-01 -1.58865409e+01 -1.61875709e+01
1.086360 -9.71215395e-01 -9.71215395e-01 -9.71215395e-01 -1.52844044e+01 -1.61874944e+01
1.089905 -9.72416138e-01 -9.72416138e-01 -9.72416138e-01 -1.58852636e+01 -1.61862936e+01
1.093422 -9.74780956e-01 -9.74780956e-01 -9.74780956e-01 -1.49051752e+01 -1.61839288e+01
1.096910 -9.78354677e-01 -9.78354677e-01 -9.78354677e-01 -1.41760337e+01 -1.55782951e+01
1.100371 -9.83187861e-01 -9.83187861e-01 -9.83187861e-01 -1.53304239e+01 -1.58744919e+01
1.103804 -9.89337716e-01 -9.89337716e-01 -9.89337716e-01 -1.58683420e+01 -1.61693720e+01
1.107210 -9.96869221e-01 -9.96869221e-01 -9.96869221e-01 -1.55597805e+01 -1.58608105e+01
1.110590 -1.00585650e+00 -1.00585650e+00 -1.00585650e+00 -1.58518233e+01 -1.58518233e+01
1.113943 -1.01638455e+00 -1.01638455e+00 -1.01638455e+00 -1.56652039e+01 -1.58412952e+01
1.117271 -1.02855134e+00 -1.02855134e+00 -1.02855134e+00 -1.61301584e+01 -1.61301584e+01
1.120574 -1.04247056e+00 -1.04247056e+00 -1.04247056e+00 -1.56391179e+01 -1.56391179e+01
1.123852 -1.05827504e+00 -1.05827504e+00 -1.05827504e+00 -1.61004347e+01 -1.61004347e+01
1.127105 -1.07612130e+00 -1.07612130e+00 -1.07612130e+00 -1.60825885e+01 -1.49686451e+01
1.130334 -1.09619538e+00 -1.09619538e+00 -1.09619538e+00 -1.60625144e+01 -1.57614844e+01
1.133539 -1.11872082e+00 -1.11872082e+00 -1.11872082e+00 -1.54379289e+01 -1.55628677e+01
1.136721 -1.14396933e+00 -1.14396933e+00 -1.14396933e+00            -inf -1.60147404e+01
1.139879 -1.17227583e+00 -1.17227583e+00 -1.17227583e+00            -inf -1.55093127e+01
1.143015 -1.20405966e+00 -1.20405966e+00 -1.20405966e+00 -1.54775288e+01 -1.54775288e+01
1.146128 -1.23985574e+00 -1.23985574e+00 -1.23985574e+00            -inf            -inf
1.149219 -1.28036158e+00 -1.28036158e+00 -1.28036158e+00            -inf -1.58783482e+01
1.152288 -1.32651100e+00 -1.32651100e+00 -1.32651100e+00 -1.56561075e+01 -1.56561075e+01
1.155336 -1.37959522e+00 -1.37959522e+00 -1.37959522e+00 -1.56030233e+01 -1.56030233e+01
1.158362 -1.44147319e+00 -1.44147319e+00 -1.44147319e+00 -1.60182666e+01 -1.55411453e+01
1.161368 -1.51496414e+00 -1.51496414e+00 -1.51496414e+00 -1.55468356e+01 -1.59447756e+01
1.164353 -1.60465211e+00 -1.60465211e+00 -1.60465211e+00 -1.54571476e+01 -1.52530276e+01
1.167317 -1.71876318e+00 -1.71876318e+00 -1.71876318e+00 -1.54399466e+01 -1.51969085e+01
1.170262 -1.87448001e+00 -1.87448001e+00 -1.87448001e+00 -1.50733764e+01 -1.47723464e+01
1.173186 -2.11891266e+00 -2.11891266e+00 -2.11891266e+00 -1.47387671e+01 -1.62439171e+01
1.176091 -2.72193748e+00 -2.72193748e+00 -2.72193748e+00 -1.43238742e+01 -1.42517262e+01
1.178977             nan             nan             nan -1.48223150e+01 -1.44311084e+01
1.181844             nan             nan             nan -1.57289275e+01 -1.45985938e+01
1.184691             nan             nan             nan -1.50536266e+01 -1.51883252e+01
1.187521             nan             nan             nan -1.52836405e+01 -1.52166937e+01
1.190332             nan             nan             nan -1.56833957e+01 -1.54615470e+01
1.193125             nan             nan             nan -1.45220064e+01 -1.57608885e+01
1.195900             nan             nan             nan -1.37165968e+01 -1.53978380e+01
1.198657             nan             nan             nan -1.48759854e+01 -1.57510466e+01
1.201397             nan             nan             nan -1.54938612e+01 -1.53969512e+01
1.204120             nan             nan             nan -1.51330349e+01 -1.61330349e+01
1.206826             nan             nan             nan -1.52102915e+01            -inf
1.209515             nan             nan             nan -1.52881322e+01 -1.51912222e+01
1.212188             nan             nan             nan -1.57365705e+01 -1.62136917e+01
1.214844             nan             nan             nan -1.54542351e+01 -1.62323864e+01
1.217484             nan             nan             nan            -inf -1.59466114e+01
1.220108             nan             nan             nan -1.59586803e+01 -1.59586803e+01
1.222716             nan             nan             nan -1.59677526e+01            -inf
1.225309             nan             nan             nan            -inf -1.56729362e+01
1.227887             nan             nan             nan            -inf -1.59774155e+01
1.230449             nan             nan             nan -1.59781569e+01 -1.59781569e+01
1.232996             nan             nan             nan -1.59762117e+01 -1.59762117e+01
1.235528             nan             nan             nan            -inf            -inf
1.238046             nan             nan             nan -1.59641803e+01            -inf
1.240549             nan             nan             nan            -inf -1.59539663e+01
1.243038             nan             nan             nan -1.62418341e+01 -1.62418341e+01
1.245513             nan             nan             nan -1.59245254e+01 -1.59245254e+01
1.247973             nan             nan             nan            -inf            -inf
1.250420             nan             nan             nan -1.58816485e+01 -1.58816485e+01
1.252853             nan             nan             nan -1.58543678e+01 -1.61553978e+01
1.255273             nan             nan             nan -1.61235831e+01 -1.61235831e+01
1.257679             nan             nan             nan            -inf -1.56094321e+01
1.260071             nan             nan             nan -1.60433803e+01 -1.55662591e+01
1.262451             nan             nan             nan            -inf -1.51476651e+01
1.264818             nan             nan             nan            -inf -1.49328089e+01
1.267172             nan             nan             nan            -inf -1.49855581e+01
1.269513             nan             nan             nan -1.60724679e+01 -1.52943167e+01
1.271842             nan             nan             nan -1.56566335e+01 -1.53556035e+01
1.274158             nan             nan             nan -1.52548464e+01 -1.51968545e+01
1.276462             nan             nan             nan -1.47847449e+01 -1.50325294e+01
1.278754             nan             nan             nan -1.36758425e+01 -1.41788443e+01
1.281033 -2.45018500e+00 -2.45018500e+00 -2.45018500e+00 -1.44283449e+01 -1.48334635e+01
1.283301 -2.08288635e+00 -2.08288635e+00 -2.08288635e+00 -1.49789134e+01 -1.50246709e+01
1.285557 -1.89035632e+00 -1.89035632e+00 -1.89035632e+00 -1.53263454e+01 -1.50253154e+01
1.287802 -1.76086100e+00 -1.76086100e+00 -1.76086100e+00            -inf -1.50456662e+01
1.290035 -1.66459584e+00 -1.66459584e+00 -1.66459584e+00 -1.60961739e+01 -1.52510759e+01
1.292256 -1.58915294e+00 -1.58915294e+00 -1.58915294e+00 -1.55695568e+01 -1.48493975e+01
1.294466 -1.52817321e+00 -1.52817321e+00 -1.52817321e+00            -inf -1.59315665e+01
1.296665 -1.47796749e+00 -1.47796749e+00 -1.47796749e+00 -1.59817723e+01 -1.56807423e+01
1.298853 -1.43621184e+00 -1.43621184e+00 -1.43621184e+00 -1.60235279e+01 -1.60235279e+01
1.301030 -1.40135503e+00 -1.40135503e+00 -1.40135503e+00 -1.60583847e+01 -1.60583847e+01
1.303196 -1.37231758e+00 -1.37231758e+00 -1.37231758e+00            -inf            -inf
1.305351 -1.34832581e+00 -1.34832581e+00 -1.34832581e+00 -1.58103839e+01 -1.61114139e+01
1.307496 -1.32881430e+00 -1.32881430e+00 -1.32881430e+00            -inf -1.58298955e+01
1.309630 -1.31336590e+00 -1.31336590e+00 -1.31336590e+00 -1.56692526e+01 -1.58453439e+01
1.311754 -1.30167344e+00 -1.30167344e+00 -1.30167344e+00            -inf -1.61580663e+01
1.313867 -1.29351480e+00 -1.29351480e+00 -1.29351480e+00 -1.58651950e+01 -1.56891037e+01
1.315970 -1.28873649e+00 -1.28873649e+00 -1.28873649e+00 -1.61710033e+01 -1.56938820e+01
1.318063 -1.28724317e+00 -1.28724317e+00 -1.28724317e+00 -1.54735266e+01            -inf
1.320146 -1.28899143e+00 -1.28899143e+00 -1.28899143e+00            -inf            -inf
1.322219 -1.29398693e+00 -1.29398693e+00 -1.29398693e+00            -inf -1.58647228e+01
1.324282 -1.30228457e+00 -1.30228457e+00 -1.30228457e+00            -inf -1.56803339e+01
1.326336 -1.31399175e+00 -1.31399175e+00 -1.31399175e+00 -1.56686267e+01 -1.58447180e+01
1.328380 -1.32927502e+00 -1.32927502e+00 -1.32927502e+00 -1.58294347e+01 -1.53523135e+01
1.330414 -1.34837122e+00 -1.34837122e+00 -1.34837122e+00 -1.61113685e+01 -1.56342473e+01
1.332438 -1.37160468e+00 -1.37160468e+00 -1.37160468e+00 -1.60881351e+01 -1.52430370e+01
1.334454 -1.39941344e+00 -1.39941344e+00 -1.39941344e+00 -1.57592963e+01 -1.60603263e+01
1.336460 -1.43238949e+00 -1.43238949e+00 -1.43238949e+00 -1.57263203e+01 -1.51822522e+01
1.338456 -1.47134218e+00 -1.47134218e+00 -1.47134218e+00 -1.52894276e+01 -1.59883976e+01
1.340444 -1.51740150e+00 -1.51740150e+00 -1.51740150e+00 -1.49423382e+01 -1.52019756e+01
1.342423 -1.57219523e+00 -1.57219523e+00 -1.57219523e+00 -1.39817486e+01 -1.57114533e+01
1.344392 -1.63817265e+00 -1.63817265e+00 -1.63817265e+00 -1.53444458e+01 -1.55205371e+01
1.346353 -1.71924882e+00 -1.71924882e+00 -1.71924882e+00 -1.55643997e+01 -1.52633697e+01
1.348305 -1.82224560e+00 -1.82224560e+00 -1.82224560e+00 -1.45863416e+01 -1.54614029e+01
1.350248 -1.96071125e+00 -1.96071125e+00 -1.96071125e+00 -1.52559905e+01 -1.49549605e+01
1.352183 -2.16828090e+00 -2.16828090e+00 -2.16828090e+00 -1.44785455e+01 -1.49392763e+01
1.354108 -2.58295838e+00 -2.58295838e+00 -2.58295838e+00 -1.50809014e+01 -1.54788414e+01
1.356026             nan             nan             nan -1.45631515e+01 -1.37813041e+01
1.357935             nan             nan             nan -1.53372377e+01 -1.48849400e+01
1.359835             nan             nan             nan -1.47692174e+01 -1.48718798e+01
1.361728             nan             nan             nan -1.58944788e+01            -inf
1.363612             nan             nan             nan -1.55237705e+01 -1.53988318e+01
1.365488             nan             nan             nan -1.57817640e+01 -1.53838240e+01
1.367356             nan             nan             nan -1.61481790e+01 -1.53700278e+01
1.369216             nan             nan             nan -1.62015033e+01 -1.52984133e+01
1.371068             nan             nan             nan -1.56434377e+01 -1.52454977e+01
1.372912             nan             nan             nan -1.53788583e+01 -1.53788583e+01
1.374748             nan             nan             nan            -inf -1.55339268e+01
1.376577             nan             nan             nan -1.57346919e+01 -1.54336619e+01
1.378398             nan             nan             nan -1.55784431e+01            -inf
1.380211             nan             nan             nan -1.60710303e+01 -1.55939090e+01
1.382017             nan             nan             nan -1.60824499e+01            -inf
1.383815             nan             nan             nan            -inf -1.52449589e+01
1.385606             nan             nan             nan -1.60940074e+01 -1.54919474e+01
1.387390             nan             nan             nan -1.60943904e+01 -1.54923304e+01
1.389166             nan             nan             nan -1.60912351e+01 -1.57902051e+01
1.390935             nan             nan             nan -1.57834820e+01 -1.53063607e+01
1.392697             nan             nan             nan -1.50327390e+01 -1.57731016e+01
1.394452             nan             nan             nan -1.54578785e+01 -1.54578785e+01
1.396199             nan             nan             nan -1.60416996e+01 -1.54396396e+01
1.397940             nan             nan             nan -1.60190871e+01 -1.55419659e+01
1.399674             nan             nan             nan -1.39234641e+01 -1.55145287e+01
1.401401             nan             nan             nan -1.40093807e+01 -1.56577407e+01
1.403121             nan             nan             nan -1.46408425e+01 -1.52663835e+01
1.404834             nan             nan             nan -1.56968313e+01 -1.52708626e+01
1.406540             nan             nan             nan            -inf -1.50766359e+01
1.408240             nan             nan             nan -1.49710042e+01 -1.50501855e+01
1.409933             nan             nan             nan -1.50118468e+01 -1.51209913e+01
1.411620             nan             nan             nan -1.51590484e+01            -inf
1.413300             nan             nan             nan -1.55340000e+01            -inf
1.414973             nan             nan             nan -1.47205303e+01 -1.43579823e+01
1.416641             nan             nan             nan -1.39755713e+01 -1.42969399e+01
1.418301 -2.67984942e+00 -2.67984942e+00 -2.67984942e+00 -1.45216123e+01 -1.39972386e+01
1.419956 -2.24390874e+00 -2.24390874e+00 -2.24390874e+00 -1.45278564e+01 -1.44754683e+01
1.421604 -2.03430264e+00 -2.03430264e+00 -2.03430264e+00 -1.55503758e+01 -1.47264671e+01
1.423246 -1.89708425e+00 -1.89708425e+00 -1.89708425e+00 -1.58636855e+01 -1.49094430e+01
1.424882 -1.79654974e+00 -1.79654974e+00 -1.79654974e+00            -inf -1.52652500e+01
1.426511 -1.71856711e+00 -1.71856711e+00 -1.71856711e+00 -1.52640514e+01 -1.49630214e+01
1.428135 -1.65609149e+00 -1.65609149e+00 -1.65609149e+00 -1.55026183e+01 -1.55026183e+01
1.429752 -1.60510902e+00 -1.60510902e+00 -1.60510902e+00 -1.55536007e+01 -1.58546307e+01
1.431364 -1.56312457e+00 -1.56312457e+00 -1.56312457e+00 -1.55955852e+01 -1.57205239e+01
1.432969 -1.52849091e+00 -1.52849091e+00 -1.52849091e+00            -inf -1.59312488e+01
1.434569 -1.50007365e+00 -1.50007365e+00 -1.50007365e+00            -inf -1.53576061e+01
1.436163 -1.47706899e+00 -1.47706899e+00 -1.47706899e+00 -1.56816408e+01 -1.59826708e+01
1.437751 -1.45889790e+00 -1.45889790e+00 -1.45889790e+00 -1.56998119e+01 -1.53987819e+01
1.439333 -1.44514185e+00 -1.44514185e+00 -1.44514185e+00            -inf -1.57135679e+01
1.440909 -1.43550245e+00 -1.43550245e+00 -1.43550245e+00 -1.54221773e+01 -1.57232073e+01
1.442480 -1.42977577e+00 -1.42977577e+00 -1.42977577e+00 -1.51268740e+01 -1.54279040e+01
1.444045 -1.42783626e+00 -1.42783626e+00 -1.42783626e+00 -1.60319035e+01 -1.57308735e+01
1.445604 -1.42962743e+00 -1.42962743e+00 -1.42962743e+00            -inf            -inf
1.447158 -1.43515778e+00 -1.43515778e+00 -1.43515778e+00 -1.55474607e+01            -inf
1.448706 -1.44450132e+00 -1.44450132e+00 -1.44450132e+00 -1.45838747e+01 -1.60152384e+01
1.450249 -1.45780272e+00 -1.45780272e+00 -1.45780272e+00 -1.44834231e+01 -1.60019370e+01
1.451786 -1.47528806e+00 -1.47528806e+00 -1.47528806e+00 -1.41782717e+01 -1.56834217e+01
1.453318 -1.49728274e+00 -1.49728274e+00 -1.49728274e+00 -1.46200343e+01 -1.59624570e+01
1.454845 -1.52423991e+00 -1.52423991e+00 -1.52423991e+00 -1.47451681e+01 -1.62365298e+01
1.456366 -1.55678529e+00 -1.55678529e+00 -1.55678529e+00 -1.62039845e+01 -1.56019245e+01
1.457882 -1.59578886e+00 -1.59578886e+00 -1.59578886e+00 -1.51235882e+01 -1.56878596e+01
1.459392 -1.64248394e+00 -1.64248394e+00 -1.64248394e+00 -1.50043425e+01 -1.61182858e+01
1.460898 -1.69867507e+00 -1.69867507e+00 -1.69867507e+00 -1.57610647e+01 -1.60620947e+01
1.462398 -1.76712669e+00 -1.76712669e+00 -1.76712669e+00 -1.51485450e+01 -1.51485450e+01
1.463893 -1.85235977e+00 -1.85235977e+00 -1.85235977e+00 -1.48872207e+01 -1.55104700e+01
1.465383 -1.96250827e+00 -1.96250827e+00 -1.96250827e+00 -1.57982615e+01 -1.47770722e+01
1.466868 -2.11456131e+00 -2.11456131e+00 -2.11456131e+00 -1.43561738e+01 -1.52940259e+01
1.468347 -2.35493955e+00 -2.35493955e+00 -2.35493955e+00 -1.41566318e+01 -1.44058302e+01
1.469822 -2.94499477e+00 -2.94499477e+00 -2.94499477e+00 -1.35620131e+01 -1.40242598e+01
1.471292             nan             nan             nan -1.41009533e+01 -1.49138667e+01
1.472756             nan             nan             nan -1.39491710e+01 -1.60921858e+01
1.474216             nan             nan             nan -1.42680826e+01 -1.56913284e+01
1.475671             nan             nan             nan -1.42806655e+01 -1.51257635e+01
1.477121             nan             nan             nan -1.41633569e+01 -1.50199348e+01
1.478566             nan             nan             nan -1.40856518e+01 -1.49580730e+01
1.480007             nan             nan             nan -1.40395677e+01 -1.52826057e+01
1.481443             nan             nan             nan -1.40035378e+01 -1.56336265e+01
1.482874             nan             nan             nan -1.38776857e+01            -inf
1.484300             nan             nan             nan -1.37526681e+01 -1.61856374e+01
1.485721             nan             nan             nan -1.36255171e+01 -1.52132281e+01
1.487138             nan             nan             nan -1.34903187e+01 -1.59343635e+01
1.488551             nan             nan             nan -1.33304863e+01 -1.62526926e+01
1.489958             nan             nan             nan -1.31630925e+01 -1.59644962e+01
1.491362             nan             nan             nan -1.29718454e+01            -inf
1.492760             nan             nan             nan -1.27512002e+01            -inf
1.494155             nan             nan             nan -1.24806682e+01            -inf
1.495544             nan             nan             nan -1.20970693e+01 -1.59754761e+01
1.496930             nan             nan             nan -1.11171868e+01 -1.59685002e+01
1.498311             nan             nan             nan -1.17194858e+01            -inf
1.499687             nan             nan             nan -1.19334248e+01            -inf
1.501059             nan             nan             nan -1.19904143e+01 -1.62238165e+01
1.502427             nan             nan             nan -1.19840451e+01 -1.61993653e+01
1.503791             nan             nan             nan -1.19406754e+01 -1.56923907e+01
1.505150             nan             nan             nan -1.18712761e+01            -inf
1.506505             nan             nan             nan -1.17803114e+01 -1.60902183e+01
1.507856             nan             nan             nan -1.16705916e+01 -1.49967412e+01
1.509203             nan             nan             nan -1.15413529e+01 -1.51967315e+01
1.510545             nan             nan             nan -1.13904376e+01 -1.49936226e+01
1.511883             nan             nan             nan -1.12124903e+01 -1.49520287e+01
1.513218             nan             nan             nan -1.09953981e+01 -1.44592538e+01
1.514548             nan             nan             nan -1.07085457e+01 -1.52884150e+01
1.515874             nan             nan             nan -1.02331886e+01 -1.44281252e+01
1.517196 -3.05957693e+00 -3.05957693e+00 -3.05957693e+00 -9.75696406e+00 -1.46748639e+01
1.518514 -2.41908791e+00 -2.41908791e+00 -2.41908791e+00 -1.02974925e+01 -1.44965838e+01
1.519828 -2.17417909e+00 -2.17417909e+00 -2.17417909e+00 -1.04386208e+01 -1.46701367e+01
1.521138 -2.02205334e+00 -2.02205334e+00 -2.02205334e+00 -1.04831195e+01 -1.55626251e+01
1.522444 -1.91322878e+00 -1.91322878e+00 -1.91322878e+00 -1.04802866e+01 -1.55465110e+01
1.523746 -1.82996009e+00 -1.82996009e+00 -1.82996009e+00 -1.04476497e+01 -1.49096204e+01
1.525045 -1.76383893e+00 -1.76383893e+00 -1.76383893e+00 -1.03931879e+01 -1.49177496e+01
1.526339 -1.71022310e+00 -1.71022310e+00 -1.71022310e+00 -1.03210190e+01 -1.48464267e+01
1.527630 -1.66628850e+00 -1.66628850e+00 -1.66628850e+00 -1.02331625e+01 -1.49805379e+01
1.528917 -1.63019998e+00 -1.63019998e+00 -1.63019998e+00 -1.01303557e+01 -1.61305698e+01
1.530200 -1.60070913e+00 -1.60070913e+00 -1.60070913e+00 -1.00122106e+01            -inf
1.531479 -1.57694024e+00 -1.57694024e+00 -1.57694024e+00 -9.87711847e+00            -inf
1.532754 -1.55826818e+00 -1.55826818e+00 -1.55826818e+00 -9.72169909e+00            -inf
1.534026 -1.54424523e+00 -1.54424523e+00 -1.54424523e+00 -9.53938697e+00 -1.59154945e+01
1.535294 -1.53455569e+00 -1.53455569e+00 -1.53455569e+00 -9.31638545e+00 -1.62262141e+01
1.536558 -1.52898749e+00 -1.52898749e+00 -1.52898749e+00 -9.01732372e+00 -1.59307523e+01
1.537819 -1.52741462e+00 -1.52741462e+00 -1.52741462e+00 -8.48927639e+00 -1.62333551e+01
1.539076 -1.52978736e+00 -1.52978736e+00 -1.52978736e+00 -8.26224655e+00 -1.62309824e+01
1.540329 -1.53612849e+00 -1.53612849e+00 -1.53612849e+00 -8.68749152e+00 -1.62246413e+01
1.541579 -1.54653500e+00 -1.54653500e+00 -1.54653500e+00 -8.81308095e+00 -1.57371135e+01
1.542825 -1.56118534e+00 -1.56118534e+00 -1.56118534e+00 -8.85250265e+00 -1.58985544e+01
1.544068 -1.58035374e+00 -1.58035374e+00 -1.58035374e+00 -8.84772627e+00 -1.61804160e+01
1.545307 -1.60443390e+00 -1.60443390e+00 -1.60443390e+00 -8.81426343e+00            -inf
1.546543 -1.63397682e+00 -1.63397682e+00 -1.63397682e+00 -8.75928528e+00            -inf
1.547775 -1.66975152e+00 -1.66975152e+00 -1.66975152e+00 -8.68634600e+00 -1.60910182e+01
1.549003 -1.71284463e+00 -1.71284463e+00 -1.71284463e+00 -8.59701060e+00            -inf
1.550228 -1.76483151e+00 -1.76483150e+00 -1.76483150e+00 -8.49143348e+00            -inf
1.551450 -1.82808835e+00 -1.82808835e+00 -1.82808835e+00 -8.36841451e+00 -1.53886133e+01
1.552668 -1.90641082e+00 -1.90641081e+00 -1.90641081e+00 -8.22497860e+00 -1.48129662e+01
1.553883 -2.00638780e+00 -2.00638779e+00 -2.00638779e+00 -8.05511489e+00 -1.47766583e+01
1.555094 -2.14100289e+00 -2.14100287e+00 -2.14100287e+00 -7.84624294e+00 -1.47594289e+01
1.556303 -2.34198601e+00 -2.34198599e+00 -2.34198599e+00 -7.56690265e+00 -1.42804811e+01
1.557507 -2.73382724e+00 -2.73382717e+00 -2.73382717e+00 -7.09276598e+00 -1.46078133e+01
1.558709             nan             nan             nan -6.67514014e+00 -1.37382347e+01
1.559907             nan             nan             nan -7.19984318e+00 -1.46005492e+01
1.561101             nan             nan             nan -7.34730886e+00 -1.61538273e+01
1.562293             nan             nan             nan -7.39982676e+00 -1.47248311e+01
1.563481             nan             nan             nan -7.40510784e+00 -1.52085830e+01
1.564666             nan             nan             nan -7.38006586e+00 -1.57173301e+01
1.565848             nan             nan             nan -7.33230270e+00 -1.53571076e+01
1.567026             nan             nan             nan -7.26544064e+00 -1.60124638e+01
1.568202             nan             nan             nan -7.18088423e+00 -1.60561025e+01
1.569374             nan             nan             nan -7.07837744e+00 -1.60918996e+01
1.570543             nan             nan             nan -6.95590447e+00 -1.61210909e+01
1.571709             nan             nan             nan -6.80884354e+00 -1.58435127e+01
1.572872             nan             nan             nan -6.62747410e+00 -1.61628723e+01
1.574031             nan             nan             nan -6.38893882e+00 -1.61765203e+01
1.575188             nan             nan             nan -6.01880022e+00 -1.58847654e+01
1.576341             nan             nan             nan -3.89889665e+00 -1.58898720e+01
1.577492             nan             nan             nan -5.87683281e+00 -1.61919573e+01
1.578639             nan             nan             nan -6.09358481e+00 -1.61890008e+01
1.579784             nan             nan             nan -6.18162627e+00            -inf
1.580925             nan             nan             nan -6.21365878e+00 -1.54718627e+01
1.582063             nan             nan             nan -6.21239261e+00 -1.61553084e+01
1.583199             nan             nan             nan -6.18773245e+00            -inf
1.584331             nan             nan             nan -6.14467672e+00 -1.58088110e+01
1.585461             nan             nan             nan -6.08584157e+00 -1.53798905e+01
1.586587             nan             nan             nan -6.01243276e+00 -1.49273884e+01
1.587711             nan             nan             nan -5.92461812e+00 -1.52970764e+01
1.588832             nan             nan             nan -5.82157815e+00 -1.55432934e+01
1.589950             nan             nan             nan -5.70126866e+00 -1.49447605e+01
1.591065             nan             nan             nan -5.55972955e+00 -1.49153928e+01
1.592177             nan             nan             nan -5.38933972e+00 -1.49039628e+01
1.593286             nan             nan             nan -5.17381984e+00 -1.45906673e+01
1.594393             nan             nan             nan -4.86882791e+00 -1.52007808e+01
1.595496             nan             nan             nan -4.23665434e+00 -1.42152149e+01
1.596597 -2.81388442e+00 -2.81392180e+00 -2.81392180e+00 -4.36620587e+00 -1.41553327e+01
1.597695 -2.39845533e+00 -2.39847268e+00 -2.39847268e+00 -4.69960794e+00 -1.43961553e+01
1.598791 -2.19340808e+00 -2.19342128e+00 -2.19342128e+00 -4.81820038e+00 -1.47380447e+01
1.599883 -2.05822067e+00 -2.05823260e+00 -2.05823260e+00 -4.86210338e+00 -1.46611445e+01
1.600973 -1.95892771e+00 -1.95893957e+00 -1.95893957e+00 -4.86469921e+00 -1.48724113e+01
1.602060 -1.88189461e+00 -1.88190720e+00 -1.88190720e+00 -4.83879455e+00 -1.51007113e+01
1.603144 -1.82027467e+00 -1.82028875e+00 -1.82028875e+00 -4.79004962e+00            -inf
1.604226 -1.77015072e+00 -1.77016724e+00 -1.77016724e+00 -4.72063658e+00 -1.53885425e+01
1.605305 -1.72908266e+00 -1.72910301e+00 -1.72910301e+00 -4.63031918e+00 -1.57306367e+01
1.606381 -1.69545893e+00 -1.69548538e+00 -1.69548538e+00 -4.51634115e+00 -1.54632244e+01
1.607455 -1.66817081e+00 -1.66820769e+00 -1.66820769e+00 -4.37199579e+00 -1.56154408e+01
1.608526 -1.64643287e+00 -1.64649000e+00 -1.64649000e+00 -4.18191645e+00 -1.61142797e+01
1.609594 -1.62966783e+00 -1.62977630e+00 -1.62977630e+00 -3.90350661e+00            -inf
1.610660 -1.61725056e+00 -1.61767222e+00 -1.61767222e+00 -3.31384898e+00 -1.61430975e+01
1.611723 -1.61023553e+00 -1.60990638e+00 -1.60990638e+00 -3.42141663e+00 -1.58498334e+01
1.612784 -1.60644753e+00 -1.60630638e+00 -1.60630638e+00 -3.78913674e+00            -inf
1.613842 -1.60688577e+00 -1.60678471e+00 -1.60678471e+00 -3.93424044e+00 -1.58529550e+01
1.614897 -1.61141782e+00 -1.61133182e+00 -1.61133182e+00 -4.00431827e+00 -1.58484079e+01
1.615950 -1.62009571e+00 -1.62001543e+00 -1.62001543e+00 -4.03419360e+00 -1.58397243e+01
1.617000 -1.63306537e+00 -1.63298572e+00 -1.63298572e+00 -4.03761323e+00 -1.58267540e+01
1.618048 -1.65057011e+00 -1.65048740e+00 -1.65048740e+00 -4.02127946e+00 -1.61102823e+01
1.619093 -1.67296994e+00 -1.67288081e+00 -1.67288081e+00 -3.98879295e+00 -1.54858289e+01
1.620136 -1.70077538e+00 -1.70067614e+00 -1.70067614e+00 -3.94210272e+00 -1.51058511e+01
1.621176 -1.73470235e+00 -1.73458841e+00 -1.73458841e+00 -3.88211113e+00 -1.57251513e+01
1.622214 -1.77576234e+00 -1.77562748e+00 -1.77562748e+00 -3.80891373e+00 -1.49851423e+01
1.623249 -1.82541602e+00 -1.82525121e+00 -1.82525121e+00 -3.72182521e+00 -1.51573673e+01
1.624282 -1.88585010e+00 -1.88564136e+00 -1.88564136e+00 -3.61920660e+00 -1.50622150e+01
1.625312 -1.96051664e+00 -1.96024070e+00 -1.96024070e+00 -3.49798940e+00 -1.49254678e+01
1.626340 -2.05530172e+00 -2.05491600e+00 -2.05491600e+00 -3.35254784e+00 -1.52287325e+01
1.627366 -2.18147803e+00 -2.18089319e+00 -2.18089319e+00 -3.17177805e+00 -1.51405439e+01
1.628389 -2.36520948e+00 -2.36418813e+00 -2.36418813e+00 -2.92964284e+00 -1.50443991e+01
1.629410 -2.69645267e+00 -2.69392773e+00 -2.69392773e+00 -2.53656586e+00 -1.46082042e+01
1.630428             nan             nan             nan -1.62981141e+00 -1.34886250e+01
1.631444             nan             nan             nan -2.50694006e+00 -1.41888806e+01
1.632457             nan             nan             nan -2.70402735e+00 -1.47923236e+01
1.633468             nan             nan             nan -2.78601644e+00 -1.48883689e+01
1.634477             nan             nan             nan -2.81385413e+00 -1.50699570e+01
1.635484             nan             nan             nan -2.80708317e+00 -1.55090513e+01
1.636488             nan             nan             nan -2.77362653e+00 -1.61797237e+01
1.637490             nan             nan             nan -2.71633215e+00 -1.54569816e+01
1.638489             nan             nan             nan -2.63469659e+00 -1.52803943e+01
1.639486             nan             nan             nan -2.52458086e+00 -1.60164432e+01
1.640481             nan             nan             nan -2.37551283e+00 -1.60466652e+01
1.641474             nan             nan             nan -2.16058473e+00 -1.57699240e+01
1.642465             nan             nan             nan -1.78088081e+00 -1.54879048e+01
1.643453             nan             nan             nan -1.11899255e+00 -1.61041638e+01
1.644439             nan             nan             nan -1.87170546e+00 -1.54149067e+01
1.645422             nan             nan             nan -2.08956164e+00 -1.58182893e+01
1.646404             nan             nan             nan -2.20079494e+00            -inf
1.647383             nan             nan             nan -2.26195190e+00 -1.53396568e+01
1.648360             nan             nan             nan -2.29239663e+00 -1.61108606e+01
1.649335             nan             nan             nan -2.30100496e+00 -1.60996561e+01
1.650308             nan             nan             nan -2.29246168e+00 -1.56068657e+01
1.651278             nan             nan             nan -2.26939010e+00 -1.49495941e+01
1.652246             nan             nan             nan -2.23322039e+00 -1.49239116e+01
1.653213             nan             nan             nan -2.18457092e+00 -1.57052729e+01
1.654177             nan             nan             nan -2.12339454e+00 -1.51228872e+01
1.655138             nan             nan             nan -2.04897062e+00 -1.52226485e+01
1.656098             nan             nan             nan -1.95973876e+00 -1.55642775e+01
1.657056             nan             nan             nan -1.85288207e+00 -1.47547274e+01
1.658011             nan             nan             nan -1.72337795e+00 -1.49688396e+01
1.658965             nan             nan             nan -1.56163915e+00 -1.44653384e+01
1.659916             nan             nan             nan -1.34635198e+00 -1.49593477e+01
1.660865             nan             nan             nan -1.01237454e+00 -1.50796831e+01
1.661813 -4.14838087e+00             nan             nan  0.00000000e+00 -1.37151212e+01
1.662758 -2.63890357e+00 -2.77247941e+00 -2.77247941e+00 -8.16491283e-01 -1.39046086e+01
1.663701 -2.34502006e+00 -2.41934562e+00 -2.41934562e+00 -1.06873435e+00 -1.49020914e+01
1.664642 -2.17236252e+00 -2.23051154e+00 -2.23051154e+00 -1.17492004e+00 -1.42515046e+01
1.665581 -2.05027444e+00 -2.10287874e+00 -2.10287874e+00 -1.21832353e+00 -1.51138230e+01
1.666518 -1.95594484e+00 -2.00802992e+00 -2.00802992e+00 -1.22262107e+00 -1.54517098e+01
1.667453 -1.87867273e+00 -1.93398587e+00 -1.93398587e+00 -1.19657257e+00 -1.54288439e+01
1.668386 -1.81189432e+00 -1.87456842e+00 -1.87456842e+00 -1.14247905e+00 -1.50411033e+01
1.669317 -1.74996178e+00 -1.82618331e+00 -1.82618331e+00 -1.05784943e+00 -1.55366464e+01
1.670246 -1.68489524e+00 -1.78656680e+00 -1.78656680e+00 -9.33592025e-01 -1.56731730e+01
1.671173 -1.59628305e+00 -1.75421334e+00 -1.75421334e+00 -7.45098203e-01 -1.53075864e+01
1.672098 -1.36593709e+00 -1.72808407e+00 -1.72808407e+00 -4.04121474e-01 -1.53337157e+01
1.673021             nan -1.70744588e+00 -1.70744588e+00  0.00000000e+00            -inf
1.673942 -1.99601973e+00 -1.69177747e+00 -1.69177747e+00 -4.72864450e-01 -1.55918710e+01
1.674861 -1.84805807e+00 -1.68071209e+00 -1.68071209e+00 -7.20526560e-01 -1.53810876e+01
1.675778 -1.79643861e+00 -1.67400214e+00 -1.67400214e+00 -8.53766695e-01 -1.54847076e+01
1.676694 -1.77294896e+00 -1.67149739e+00 -1.67149739e+00 -9.34524209e-01 -1.52441743e+01
1.677607 -1.76370378e+00 -1.67313269e+00 -1.67313269e+00 -9.83394751e-01 -1.53886671e+01
1.678518 -1.76413725e+00 -1.67892279e+00 -1.67892279e+00 -1.00969121e+00 -1.53828770e+01
1.679428 -1.77249785e+00 -1.68896351e+00 -1.68896351e+00 -1.01828534e+00 -1.52936550e+01
1.680336 -1.78822271e+00 -1.70343934e+00 -1.70343934e+00 -1.01187986e+00 -1.53583604e+01
1.681241 -1.81143637e+00 -1.72263884e+00 -1.72263884e+00 -9.91922745e-01            -inf
1.682145 -1.84282598e+00 -1.74698076e+00 -1.74698076e+00 -9.59001533e-01 -1.52356377e+01
1.683047 -1.88371687e+00 -1.77705624e+00 -1.77705624e+00 -9.12985435e-01 -1.49837135e+01
1.683947 -1.93635398e+00 -1.81369718e+00 -1.81369718e+00 -8.52996142e-01 -1.49693490e+01
1.684845 -2.00454743e+00 -1.85809007e+00 -1.85809007e+00 -7.77191844e-01 -1.52037097e+01
1.685742 -2.09518588e+00 -1.91197433e+00 -1.91197433e+00 -6.82236208e-01 -1.47880976e+01
1.686636 -2.22235756e+00 -1.97801157e+00 -1.97801157e+00 -5.62058457e-01 -1.57827582e+01
1.687529 -2.42223032e+00 -2.06053680e+00 -2.06053680e+00 -4.04607386e-01 -1.47708140e+01
1.688420 -2.85457258e+00 -2.16728938e+00 -2.16728938e+00 -1.81032542e-01 -1.51541477e+01
1.689309             nan -2.31421441e+00 -2.31421441e+00  0.00000000e+00 -1.44804136e+01
1.690196             nan -2.54368729e+00 -2.54368729e+00  0.00000000e+00 -1.44669599e+01
1.691081             nan -3.07072991e+00 -3.07072991e+00  0.00000000e+00 -1.35750538e+01
1.691965             nan             nan             nan -9.73292471e-02 -1.40949042e+01
1.692847             nan             nan             nan -1.94050175e-01 -1.49581613e+01
1.693727             nan             nan             nan -2.36672279e-01 -1.41956286e+01
1.694605             nan             nan             nan -2.41605758e-01 -1.48099580e+01
1.695482             nan             nan             nan -2.13701152e-01 -1.49281523e+01
1.696356             nan             nan             nan -1.50811713e-01 -1.57840948e+01
1.697229             nan             nan             nan -4.18690040e-02 -1.61472586e+01
1.698101 -1.08696247e+00             nan             nan  0.00000000e+00 -1.53526336e+01
1.698970 -1.57924810e+00             nan             nan  0.00000000e+00 -1.57619038e+01
1.699838 -1.96470307e+00             nan             nan  0.00000000e+00 -1.59717429e+01
1.700704 -2.48949698e+00             nan             nan  0.00000000e+00            -inf
1.701568             nan             nan             nan -6.57265005e-02            -inf
1.702431             nan             nan             nan -2.09088470e-01 -1.54352894e+01
1.703291             nan             nan             nan -3.08453735e-01 -1.52711142e+01
1.704151             nan             nan             nan -3.79953601e-01 -1.52786126e+01
1.705008             nan             nan             nan -4.31377307e-01 -1.57589816e+01
1.705864             nan             nan             nan -4.67004338e-01 -1.52809366e+01
1.706718             nan             nan             nan -4.89336032e-01 -1.52758394e+01
1.707570             nan             nan             nan -4.99832157e-01 -1.57436063e+01
1.708421             nan             nan             nan -4.99250496e-01 -1.47086341e+01
1.709270             nan             nan             nan -4.87794729e-01 -1.53133976e+01
1.710117             nan             nan             nan -4.65143893e-01 -1.52898080e+01
1.710963             nan             nan             nan -4.30376417e-01 -1.59595162e+01
1.711807             nan             nan             nan -3.81752588e-01 -1.48823896e+01
1.712650             nan             nan             nan -3.16237709e-01 -1.51022860e+01
1.713491             nan             nan             nan -2.28438716e-01 -1.52257567e+01
1.714330             nan             nan             nan -1.07930798e-01 -1.50230246e+01
1.715167 -3.17777890e+00             nan             nan  0.00000000e+00 -1.45861457e+01
1.716003 -2.56623204e+00             nan             nan  0.00000000e+00 -1.47345021e+01
1.716838 -2.30939852e+00             nan             nan  0.00000000e+00 -1.48100390e+01
1.717671 -2.14059968e+00             nan             nan  0.00000000e+00 -1.45454864e+01
1.718502 -2.01253749e+00             nan             nan  0.00000000e+00 -1.43141511e+01
1.719331 -1.90745889e+00 -3.05334733e+00 -3.05334733e+00 -6.21823197e-02 -1.38681801e+01
1.720159 -1.81622168e+00 -2.55927020e+00 -2.55927020e+00 -1.58694116e-01 -1.58035595e+01
1.720986 -1.73276833e+00 -2.33726388e+00 -2.33726388e+00 -2.20553905e-01 -1.55484446e+01
1.721811 -1.65175230e+00 -2.19452344e+00 -2.19452344e+00 -2.56080890e-01 -1.50221783e+01
1.722634 -1.56654525e+00 -2.09089699e+00 -2.09089699e+00 -2.67876077e-01 -1.49709027e+01
1.723456 -1.46551112e+00 -2.01103056e+00 -2.01103056e+00 -2.54371191e-01 -1.47720156e+01
1.724276 -1.31950339e+00 -1.94741002e+00 -1.94741002e+00 -2.08516359e-01 -1.50729970e+01
1.725095 -1.00068365e+00 -1.89580560e+00 -1.89580560e+00 -1.11187381e-01 -1.53878429e+01
1.725912             nan -1.85361210e+00 -1.85361210e+00  0.00000000e+00 -1.53630896e+01
1.726727             nan -1.81912370e+00 -1.81912370e+00  0.00000000e+00 -1.50665848e+01
1.727541             nan -1.79117584e+00 -1.79117584e+00  0.00000000e+00 -1.59695939e+01
1.728354 -2.17155281e+00 -1.76895215e+00 -1.76895215e+00 -3.63570721e-01 -1.56907876e+01
1.729165 -1.95688214e+00 -1.75187351e+00 -1.75187351e+00 -6.35003476e-01 -1.55317750e+01
1.729974 -1.85782161e+00 -1.73953129e+00 -1.73953129e+00 -8.68538447e-01 -1.57202085e+01
1.730782 -1.80023633e+00 -1.73164622e+00 -1.73164622e+00 -1.10345421e+00 -1.54270635e+01
1.731589 -1.76382140e+00 -1.72804309e+00 -1.72804309e+00 -1.38544008e+00 -1.51876286e+01
1.732394 -1.74047948e+00 -1.72863599e+00 -1.72863599e+00 -1.86536161e+00 -1.53331638e+01
1.733197 -1.72630945e+00 -1.73342141e+00 -1.73342141e+00 -2.08683441e+00 -1.60273483e+01
1.733999 -1.71920720e+00 -1.74247798e+00 -1.74247798e+00 -1.57210722e+00 -1.51152018e+01
1.734800 -1.71795829e+00 -1.75597272e+00 -1.75597272e+00 -1.35914305e+00 -1.55276758e+01
1.735599 -1.72183971e+00 -1.77417497e+00 -1.77417497e+00 -1.22054506e+00 -1.56855648e+01
1.736397 -1.73042640e+00 -1.79748062e+00 -1.79748062e+00 -1.11324978e+00            -inf
1.737193 -1.74349074e+00 -1.82645149e+00 -1.82645149e+00 -1.02125945e+00 -1.56332883e+01
1.737987 -1.76094855e+00 -1.86187916e+00 -1.86187916e+00 -9.36739968e-01 -1.50859772e+01
1.738781 -1.78283085e+00 -1.90489081e+00 -1.90489081e+00 -8.55086783e-01 -1.54579389e+01
1.739572 -1.80927131e+00 -1.95713241e+00 -1.95713241e+00 -7.73127345e-01 -1.49285761e+01
1.740363 -1.84050486e+00 -2.02110634e+00 -2.02110634e+00 -6.88289213e-01 -1.50406934e+01
1.741152 -1.87687580e+00 -2.10084880e+00 -2.10084880e+00 -5.98097587e-01 -1.53588909e+01
1.741939 -1.91885580e+00 -2.20346031e+00 -2.20346031e+00 -4.99736941e-01 -1.61593694e+01
1.742725 -1.96707393e+00 -2.34322312e+00 -2.34322312e+00 -3.89474453e-01 -1.54175466e+01
1.743510 -2.02236374e+00 -2.55638312e+00 -2.55638312e+00 -2.61611203e-01 -1.42501441e+01
1.744293 -2.08583588e+00 -3.00127246e+00 -3.00127246e+00 -1.06054342e-01 -1.40551322e+01
1.745075 -2.15899244e+00             nan             nan  0.00000000e+00 -1.45817240e+01
1.745855 -2.24391259e+00             nan             nan  0.00000000e+00 -1.42388616e+01
1.746634 -2.34356930e+00             nan             nan  0.00000000e+00 -1.45977702e+01
1.747412 -2.46240477e+00             nan             nan  0.00000000e+00 -1.61399027e+01
1.748188 -2.60746959e+00             nan             nan  0.00000000e+00 -1.49655992e+01
1.748963 -2.79096223e+00             nan             nan  0.00000000e+00 -1.51786287e+01
1.749736 -3.03699007e+00             nan             nan  0.00000000e+00 -1.50085474e+01
1.750508 -3.40599539e+00             nan             nan  0.00000000e+00 -1.61396185e+01
1.751279 -4.18581406e+00             nan             nan  0.00000000e+00 -1.52789431e+01
1.752048             nan             nan             nan -2.34534564e-03 -1.52166964e+01
1.752816 -3.96305486e+00             nan             nan  0.00000000e+00 -1.56427241e+01
1.753583 -3.26906363e+00             nan             nan  0.00000000e+00 -1.59660895e+01
1.754348 -2.89121004e+00             nan             nan  0.00000000e+00 -1.55061349e+01
1.755112 -2.62149906e+00             nan             nan  0.00000000e+00 -1.53936057e+01
1.755875 -2.40797716e+00             nan             nan  0.00000000e+00 -1.51585010e+01
1.756636 -2.22860306e+00             nan             nan  0.00000000e+00 -1.57062025e+01
1.757396 -2.07159706e+00             nan             nan  0.00000000e+00 -1.60066520e+01
1.758155 -1.92962561e+00             nan             nan  0.00000000e+00 -1.60018606e+01
1.758912 -1.79748179e+00             nan             nan  0.00000000e+00 -1.52938084e+01
1.759668 -1.67092032e+00             nan             nan  0.00000000e+00 -1.55021150e+01
1.760422 -1.54588224e+00             nan             nan  0.00000000e+00 -1.49609616e+01
1.761176 -1.41772339e+00             nan             nan  0.00000000e+00 -1.54604324e+01
1.761928 -1.28002448e+00             nan             nan  0.00000000e+00 -1.56074138e+01
1.762679 -1.12199163e+00             nan             nan  0.00000000e+00 -1.54748896e+01
1.763428 -9.20758820e-01             nan             nan  0.00000000e+00 -1.49844697e+01
1.764176 -6.06178084e-01             nan             nan  0.00000000e+00 -1.48738954e+01
1.764923  8.38656909e-01             nan             nan  0.00000000e+00 -1.55364431e+01
1.765669             nan             nan             nan -2.27516918e-02 -1.46778493e+01
1.766413             nan             nan             nan -3.62152027e-02 -1.56533112e+01
1.767156             nan             nan             nan -3.96056208e-02 -1.44701644e+01
1.767898             nan             nan             nan -3.26595714e-02 -1.47102326e+01
1.768638             nan             nan             nan -1.44320918e-02 -1.37133323e+01
1.769377             nan -3.08955489e+00 -3.08955489e+00  0.00000000e+00 -1.39139137e+01
1.770115             nan -2.60417567e+00 -2.60417567e+00  0.00000000e+00 -1.48555641e+01
1.770852             nan -2.38380473e+00 -2.38380473e+00  0.00000000e+00 -1.45640517e+01
1.771587             nan -2.24174447e+00 -2.24174447e+00  0.00000000e+00 -1.49449940e+01
1.772322             nan -2.13849198e+00 -2.13849198e+00  0.00000000e+00            -inf
1.773055             nan -2.05886845e+00 -2.05886845e+00  0.00000000e+00            -inf
1.773786             nan -1.99542708e+00 -1.99542708e+00  0.00000000e+00 -1.53674027e+01
1.774517             nan -1.94396983e+00 -1.94396983e+00  0.00000000e+00 -1.54188599e+01
1.775246             nan -1.90190868e+00 -1.90190868e+00  0.00000000e+00 -1.51598911e+01
1.775974 -3.62205325e+00 -1.86754828e+00 -1.86754828e+00 -1.52881237e-02 -1.51942515e+01
1.776701 -2.59579560e+00 -1.83973116e+00 -1.83973116e+00 -1.53908327e-01 -1.54439173e+01
1.777427 -2.34038905e+00 -1.81764626e+00 -1.81764626e+00 -2.68934969e-01 -1.56420935e+01
1.778151 -2.19753394e+00 -1.80071887e+00 -1.80071887e+00 -3.69050077e-01 -1.54829296e+01
1.778874 -2.10321823e+00 -1.78854447e+00 -1.78854447e+00 -4.59392633e-01 -1.54951040e+01
1.779596 -2.03647641e+00 -1.78084791e+00 -1.78084791e+00 -5.43496352e-01 -1.52809518e+01
1.780317 -1.98784171e+00 -1.77745846e+00 -1.77745846e+00 -6.24181690e-01 -1.55061900e+01
1.781037 -1.95226618e+00 -1.77829538e+00 -1.77829538e+00 -7.04091666e-01 -1.52835044e+01
1.781755 -1.92677142e+00 -1.78336140e+00 -1.78336140e+00 -7.86156246e-01 -1.59774083e+01
1.782473 -1.90948194e+00 -1.79274295e+00 -1.79274295e+00 -8.74202403e-01 -1.49680268e+01
1.783189 -1.89916802e+00 -1.80661711e+00 -1.80661711e+00 -9.74072846e-01 -1.57780614e+01
1.783904 -1.89500761e+00 -1.82526659e+00 -1.82526659e+00 -1.09625790e+00 -1.53334432e+01
1.784617 -1.89645340e+00 -1.84910556e+00 -1.84910556e+00 -1.26394407e+00 -1.50987508e+01
1.785330 -1.90315537e+00 -1.87872168e+00 -1.87872168e+00 -1.55093967e+00 -1.51830781e+01
1.786041 -1.91491471e+00 -1.91494434e+00 -1.91494434e+00 -4.46715618e+00 -1.49427354e+01
1.786751 -1.93165700e+00 -1.95895858e+00 -1.95895858e+00 -1.50276948e+00 -1.51028412e+01
1.787460 -1.95341837e+00 -2.01250371e+00 -2.01250371e+00 -1.16800372e+00 -1.53503260e+01
1.788168 -1.98034151e+00 -2.07824324e+00 -2.07824324e+00 -9.49857689e-01 -1.48374285e+01
1.788875 -2.01268023e+00 -2.16051782e+00 -2.16051782e+00 -7.73195094e-01 -1.48221007e+01
1.789581 -2.05081297e+00 -2.26708123e+00 -2.26708123e+00 -6.12668617e-01 -1.48169949e+01
1.790285 -2.09526720e+00 -2.41391914e+00 -2.41391914e+00 -4.54391650e-01            -inf
1.790988 -2.14675865e+00 -2.64356482e+00 -2.64356482e+00 -2.86674102e-01 -1.43868265e+01
1.791691 -2.20625268e+00 -3.17270689e+00 -3.17270689e+00 -9.42015801e-02 -1.41487302e+01
1.792392 -2.27506130e+00             nan             nan  0.00000000e+00 -1.40012776e+01
1.793092 -2.35500079e+00             nan             nan  0.00000000e+00 -1.44519871e+01
1.793790 -2.44866053e+00             nan             nan  0.00000000e+00 -1.46507489e+01
1.794488 -2.55989147e+00             nan             nan  0.00000000e+00 -1.48090983e+01
1.795185 -2.69477694e+00             nan             nan  0.00000000e+00 -1.49801361e+01
1.795880 -2.86381962e+00             nan             nan  0.00000000e+00 -1.59873413e+01
1.796574 -3.08790699e+00             nan             nan  0.00000000e+00            -inf
1.797268 -3.42103847e+00             nan             nan  0.00000000e+00 -1.54009281e+01
1.797960 -4.15709713e+00             nan             nan  0.00000000e+00 -1.52380441e+01
1.798651             nan             nan             nan -6.63741004e-03 -1.53966458e+01
1.799341             nan             nan             nan -7.21834399e-03 -1.59009733e+01
1.800029 -4.46545560e+00             nan             nan  0.00000000e+00 -1.51095927e+01
1.800717 -3.44519239e+00             nan             nan  0.00000000e+00 -1.59389203e+01
1.801404 -3.06091885e+00             nan             nan  0.00000000e+00 -1.51376921e+01
1.802089 -2.80263662e+00             nan             nan  0.00000000e+00 -1.59578244e+01
1.802774 -2.60428556e+00             nan             nan  0.00000000e+00 -1.51156393e+01
1.803457 -2.44187103e+00             nan             nan  0.00000000e+00 -1.54822938e+01
1.804139 -2.30360953e+00             nan             nan  0.00000000e+00 -1.51087464e+01
1.804821 -2.18270540e+00             nan             nan  0.00000000e+00 -1.49896855e+01
1.805501 -2.07480403e+00             nan             nan  0.00000000e+00 -1.52305056e+01
1.806180 -1.97688237e+00             nan             nan  0.00000000e+00 -1.62112180e+01
1.806858 -1.88669001e+00             nan             nan  0.00000000e+00 -1.53415613e+01
1.807535 -1.80243126e+00             nan             nan  0.00000000e+00 -1.49801212e+01
1.808211 -1.72255976e+00             nan             nan  0.00000000e+00 -1.50776119e+01
1.808886 -1.64562146e+00             nan             nan  0.00000000e+00 -1.51706951e+01
1.809560 -1.57010483e+00             nan             nan  0.00000000e+00 -1.49773155e+01
1.810233 -1.49425768e+00             nan             nan  0.00000000e+00 -1.52519552e+01
1.810904 -1.41580840e+00             nan             nan  0.00000000e+00 -1.49906796e+01
1.811575 -1.33146242e+00             nan             nan  0.00000000e+00 -1.45785320e+01
1.812245 -1.23584706e+00             nan             nan  0.00000000e+00 -1.43382191e+01
1.812913 -1.11890411e+00             nan             nan  0.00000000e+00 -1.41094839e+01
1.813581 -9.57748037e-01             nan             nan  0.00000000e+00 -1.33357475e+01
1.814248 -6.77680739e-01 -2.95539149e+00 -2.95539149e+00 -4.58255389e-03 -1.45323770e+01
1.814913             nan -2.58234951e+00 -2.58234951e+00  0.00000000e+00 -1.47012990e+01
1.815578             nan -2.38785848e+00 -2.38785848e+00  0.00000000e+00 -1.46527520e+01
1.816241             nan -2.25747141e+00 -2.25747141e+00  0.00000000e+00 -1.51053583e+01
1.816904             nan -2.16096510e+00 -2.16096510e+00  0.00000000e+00 -1.45998046e+01
1.817565             nan -2.08580963e+00 -2.08580963e+00  0.00000000e+00 -1.48620468e+01
1.818226             nan -2.02560281e+00 -2.02560281e+00  0.00000000e+00 -1.50361969e+01
1.818885             nan -1.97664275e+00 -1.97664275e+00  0.00000000e+00 -1.48810370e+01
1.819544 -2.85499480e+00 -1.93660827e+00 -1.93660827e+00 -1.05329322e-01 -1.49491002e+01
1.820201 -2.22659836e+00 -1.90396119e+00 -1.90396119e+00 -4.49454718e-01 -1.49817473e+01
1.820858 -2.01858960e+00 -1.87764358e+00 -1.87764358e+00 -7.93550128e-01 -1.49800362e+01
1.821514 -1.90125307e+00 -1.85691148e+00 -1.85691148e+00 -1.29238002e+00 -1.49744393e+01
1.822168 -1.82425772e+00 -1.84123813e+00 -1.84123813e+00 -1.70892154e+00 -1.49652891e+01
1.822822 -1.77014778e+00 -1.83025536e+00 -1.83025536e+00 -1.16057749e+00 -1.50554531e+01
1.823474 -1.73091206e+00 -1.82371746e+00 -1.82371746e+00 -9.72889328e-01 -1.49158630e+01
1.824126 -1.70227072e+00 -1.82147921e+00 -1.82147921e+00 -8.65221977e-01 -1.57631993e+01
1.824776 -1.68170845e+00 -1.82348381e+00 -1.82348381e+00 -7.91046646e-01 -1.50921879e+01
1.825426 -1.66765024e+00 -1.82975826e+00 -1.82975826e+00 -7.34011692e-01 -1.50559502e+01
1.826075 -1.65906810e+00 -1.84041553e+00 -1.84041553e+00 -6.86549910e-01 -1.51074409e+01
1.826723 -1.65527556e+00 -1.85566383e+00 -1.85566383e+00 -6.44552839e-01 -1.48444081e+01
1.827369 -1.65581282e+00 -1.87582469e+00 -1.87582469e+00 -6.05519704e-01 -1.47880350e+01
1.828015 -1.66037976e+00 -1.90136331e+00 -1.90136331e+00 -5.67774190e-01 -1.52573464e+01
1.828660 -1.66879592e+00 -1.93293792e+00 -1.93293792e+00 -5.30083067e-01 -1.61288618e+01
1.829304 -1.68097687e+00 -1.97148046e+00 -1.97148046e+00 -4.91446381e-01 -1.48861993e+01
1.829947 -1.69692146e+00 -2.01833293e+00 -2.01833293e+00 -4.50965463e-01 -1.50020741e+01
1.830589 -1.71670713e+00 -2.07549008e+00 -2.07549008e+00 -4.07744052e-01 -1.50320672e+01
1.831230 -1.74049208e+00 -2.14606359e+00 -2.14606359e+00 -3.60795837e-01 -1.53716681e+01
1.831870 -1.76852464e+00 -2.23526248e+00 -2.23526248e+00 -3.08935520e-01 -1.44841146e+01
1.832509 -1.80116116e+00 -2.35277780e+00 -2.35277780e+00 -2.50623262e-01 -1.44537494e+01
1.833147 -1.83889597e+00 -2.51999018e+00 -2.51999018e+00 -1.83708452e-01 -1.44114758e+01
1.833784 -1.88240961e+00 -2.80232637e+00 -2.80232637e+00 -1.04955226e-01 -1.40943775e+01
1.834421 -1.93264725e+00 -3.91469789e+00 -3.91469789e+00 -9.05272637e-03 -1.34374080e+01
1.835056 -1.99095064e+00             nan             nan  0.00000000e+00 -1.56116043e+01
1.835691 -2.05929148e+00             nan             nan  0.00000000e+00 -1.48044323e+01
1.836324 -2.14071506e+00             nan             nan  0.00000000e+00 -1.49413390e+01
1.836957 -2.24026977e+00             nan             nan  0.00000000e+00 -1.46739081e+01
1.837588 -2.36724195e+00             nan             nan  0.00000000e+00 -1.53519768e+01
1.838219 -2.54178869e+00             nan             nan  0.00000000e+00 -1.50137721e+01
1.838849 -2.82362695e+00             nan             nan  0.00000000e+00 -1.57248502e+01
1.839478 -3.71891953e+00             nan             nan  0.00000000e+00 -1.49938326e+01
1.840106             nan             nan             nan -8.13325725e-02 -1.55094956e+01
1.840733             nan             nan             nan -1.60574980e-01 -1.53647838e+01
1.841359             nan             nan             nan -2.27373961e-01 -1.61681407e+01
1.841985             nan             nan             nan -2.85222540e-01 -1.54888992e+01
1.842609             nan             nan             nan -3.36416868e-01 -1.50886700e+01
1.843233             nan             nan             nan -3.82585358e-01 -1.52127152e+01
1.843855             nan             nan             nan -4.24969018e-01 -1.52641569e+01
1.844477             nan             nan             nan -4.64587869e-01 -1.47884290e+01
1.845098             nan             nan             nan -5.02353802e-01 -1.54387837e+01
1.845718             nan             nan             nan -5.39161963e-01 -1.52555388e+01
1.846337             nan             nan             nan -5.75983058e-01 -1.49429272e+01
1.846955             nan             nan             nan -6.13979994e-01 -1.49515104e+01
1.847573             nan             nan             nan -6.54684884e-01 -1.52576202e+01
1.848189             nan             nan             nan -7.00307786e-01 -1.55318895e+01
1.848805             nan             nan             nan -7.54343673e-01 -1.49248754e+01
1.849419             nan             nan             nan -8.22930476e-01 -1.47597227e+01
1.850033             nan             nan             nan -9.18455392e-01 -1.51667479e+01
1.850646             nan             nan             nan -1.07210974e+00 -1.56510235e+01
1.851258             nan             nan             nan -1.41078863e+00 -1.47475738e+01
1.851870             nan             nan             nan -1.63495456e+00 -1.45404475e+01
1.852480             nan             nan             nan -9.46750938e-01 -1.44021507e+01
1.853090             nan             nan             nan -5.92058951e-01 -1.42002626e+01
1.853698             nan             nan             nan -2.86914333e-01 -1.40424887e+01
1.854306             nan -3.70861618e+00 -3.70861618e+00  0.00000000e+00 -1.29988950e+01
1.854913             nan -2.80105349e+00 -2.80105349e+00  0.00000000e+00 -1.43125779e+01
1.855519             nan -2.53059068e+00 -2.53059068e+00  0.00000000e+00 -1.41376339e+01
1.856124             nan -2.36847917e+00 -2.36847917e+00  0.00000000e+00 -1.47902306e+01
1.856729             nan -2.25423764e+00 -2.25423764e+00  0.00000000e+00 -1.46461941e+01
1.857332             nan -2.16756145e+00 -2.16756145e+00  0.00000000e+00 -1.47481103e+01
1.857935             nan -2.09913193e+00 -2.09913193e+00  0.00000000e+00 -1.48834866e+01
1.858537             nan -2.04390356e+00 -2.04390356e+00  0.00000000e+00 -1.48717681e+01
1.859138 -4.30159663e+00 -1.99884809e+00 -1.99884809e+00 -4.32582904e-03 -1.49837704e+01
1.859739 -4.04120710e+00 -1.96201818e+00 -1.96201818e+00 -7.23828089e-03 -1.49236903e+01
1.860338 -4.64297202e+00 -1.93210111e+00 -1.93210111e+00 -1.69022278e-03 -1.58286686e+01
1.860937             nan -1.90818442e+00 -1.90818442e+00  0.00000000e+00 -1.53085173e+01
1.861534             nan -1.88962370e+00 -1.88962370e+00  0.00000000e+00 -1.53270780e+01
1.862131             nan -1.87596425e+00 -1.87596425e+00  0.00000000e+00 -1.52315930e+01
1.862728             nan -1.86689318e+00 -1.86689318e+00  0.00000000e+00 -1.49396341e+01
1.863323             nan -1.86220988e+00 -1.86220988e+00  0.00000000e+00 -1.48016499e+01
1.863917             nan -1.86180869e+00 -1.86180869e+00  0.00000000e+00 -1.53548930e+01
1.864511             nan -1.86567016e+00 -1.86567016e+00  0.00000000e+00 -1.61961296e+01
1.865104             nan -1.87385951e+00 -1.87385951e+00  0.00000000e+00 -1.49574913e+01
1.865696             nan -1.88653191e+00 -1.88653191e+00  0.00000000e+00 -1.55732078e+01
1.866287             nan -1.90394552e+00 -1.90394552e+00  0.00000000e+00 -1.53127562e+01
1.866878             nan -1.92648483e+00 -1.92648483e+00  0.00000000e+00 -1.54363449e+01
1.867467             nan -1.95469894e+00 -1.95469894e+00  0.00000000e+00 -1.51528583e+01
1.868056             nan -1.98936383e+00 -1.98936383e+00  0.00000000e+00 -1.51181934e+01
1.868644             nan -2.03158552e+00 -2.03158552e+00  0.00000000e+00 -1.46500030e+01
1.869232             nan -2.08297850e+00 -2.08297850e+00  0.00000000e+00 -1.46566019e+01
1.869818             nan -2.14599346e+00 -2.14599346e+00  0.00000000e+00 -1.48551084e+01
1.870404             nan -2.22457214e+00 -2.22457214e+00  0.00000000e+00 -1.47403176e+01
1.870989             nan -2.32561744e+00 -2.32561744e+00  0.00000000e+00 -1.50372123e+01
1.871573             nan -2.46291047e+00 -2.46291047e+00  0.00000000e+00 -1.44685555e+01
1.872156             nan -2.67093157e+00 -2.67093157e+00  0.00000000e+00 -1.55158069e+01
1.872739             nan -3.09409553e+00 -3.09409553e+00  0.00000000e+00 -1.38434446e+01
1.873321             nan             nan             nan -1.42296222e-02 -1.49879760e+01
1.873902             nan             nan             nan -4.51691508e-02 -1.43515005e+01
1.874482             nan             nan             nan -6.85833059e-02 -1.48615830e+01
1.875061             nan             nan             nan -8.28098067e-02 -1.46281418e+01
1.875640             nan             nan             nan -8.30439144e-02 -1.51142794e+01
1.876218             nan             nan             nan -5.39437157e-02 -1.46771408e+01
1.876795 -1.08463399e+00             nan             nan  0.00000000e+00 -1.50562278e+01
1.877371             nan             nan             nan -4.31556123e-02 -1.48655932e+01
1.877947             nan             nan             nan -6.70157849e-01 -1.50545256e+01
1.878522             nan             nan             nan -4.67188345e-01 -1.52443866e+01
1.879096             nan             nan             nan -4.17270850e-01 -1.58167619e+01
1.879669             nan             nan             nan -3.97901035e-01 -1.47978583e+01
1.880242             nan             nan             nan -3.89023864e-01 -1.51161490e+01
1.880814             nan             nan             nan -3.84364124e-01 -1.52668983e+01
1.881385             nan             nan             nan -3.81317858e-01 -1.53328043e+01
1.881955             nan             nan             nan -3.78600410e-01 -1.51814581e+01
1.882525             nan             nan             nan -3.75490479e-01 -1.53356398e+01
1.883093             nan             nan             nan -3.71533609e-01 -1.55736785e+01
1.883661             nan             nan             nan -3.66407991e-01 -1.51663709e+01
1.884229             nan             nan             nan -3.59855999e-01 -1.51110608e+01
1.884795             nan             nan             nan -3.51644774e-01 -1.49576044e+01
1.885361             nan             nan             nan -3.41539972e-01 -1.50304905e+01
1.885926             nan             nan             nan -3.29284836e-01 -1.47787465e+01
1.886491             nan             nan             nan -3.14579866e-01 -1.53441838e+01
1.887054             nan             nan             nan -2.97059359e-01 -1.49985771e+01
1.887617             nan             nan             nan -2.76260672e-01 -1.56432084e+01
1.888179             nan             nan             nan -2.51580295e-01 -1.53332861e+01
1.888741             nan             nan             nan -2.22206905e-01 -1.54923233e+01
1.889302             nan             nan             nan -1.87013350e-01 -1.47062539e+01
1.889862             nan             nan             nan -1.44371674e-01 -1.52308549e+01
1.890421             nan             nan             nan -9.18134015e-02 -1.44069822e+01
1.890980             nan             nan             nan -2.53476084e-02 -1.40257814e+01
1.891537             nan -3.06231765e+00 -3.06231765e+00  0.00000000e+00 -1.39271403e+01
1.892095             nan -2.67117204e+00 -2.67117204e+00  0.00000000e+00 -1.44875377e+01
1.892651             nan -2.47186292e+00 -2.47186292e+00  0.00000000e+00 -1.43996051e+01
1.893207             nan -2.33918780e+00 -2.33918780e+00  0.00000000e+00 -1.46619141e+01
1.893762             nan -2.24131645e+00 -2.24131645e+00  0.00000000e+00 -1.55194533e+01
1.894316             nan -2.16523913e+00 -2.16523913e+00  0.00000000e+00 -1.47662268e+01
1.894870             nan -2.10436022e+00 -2.10436022e+00  0.00000000e+00            -inf
1.895423 -2.98688014e+00 -2.05488502e+00 -2.05488502e+00 -1.02049542e-01 -1.57058847e+01
1.895975 -2.57278208e+00 -2.01444236e+00 -2.01444236e+00 -2.46561417e-01 -1.47251381e+01
1.896526 -2.37439305e+00 -1.98146493e+00 -1.98146493e+00 -3.72788344e-01 -1.49342068e+01
1.897077 -2.24668384e+00 -1.95487680e+00 -1.95487680e+00 -4.89640469e-01 -1.56298017e+01
1.897627 -2.15510895e+00 -1.93392255e+00 -1.93392255e+00 -6.03303914e-01 -1.52827791e+01
1.898176 -2.08588036e+00 -1.91806797e+00 -1.91806797e+00 -7.19347314e-01 -1.49676405e+01
1.898725 -2.03210180e+00 -1.90694012e+00 -1.90694012e+00 -8.44334358e-01 -1.50756784e+01
1.899273 -1.98984251e+00 -1.90029042e+00 -1.90029042e+00 -9.88273584e-01 -1.54625393e+01
1.899821 -1.95666433e+00 -1.89797231e+00 -1.89797231e+00 -1.17089549e+00 -1.51638274e+01
1.900367 -1.93096602e+00 -1.89992890e+00 -1.89992890e+00 -1.44711768e+00 -1.58608408e+01
1.900913 -1.91165521e+00 -1.90618838e+00 -1.90618838e+00 -2.20108419e+00 -1.56784901e+01
1.901458 -1.89797003e+00 -1.91686626e+00 -1.91686626e+00 -1.66250761e+00 -1.51906910e+01
1.902003 -1.88937600e+00 -1.93217497e+00 -1.93217497e+00 -1.30773230e+00 -1.51753823e+01
1.902547 -1.88550406e+00 -1.95244243e+00 -1.95244243e+00 -1.11399778e+00 -1.53312061e+01
1.903090 -1.88611256e+00 -1.97814335e+00 -1.97814335e+00 -9.76502074e-01 -1.56065351e+01
1.903633 -1.89106445e+00 -2.00995016e+00 -2.00995016e+00 -8.66384916e-01 -1.52736983e+01
1.904174 -1.90031489e+00 -2.04881642e+00 -2.04881642e+00 -7.71286281e-01 -1.48088633e+01
1.904716 -1.91390682e+00 -2.09611842e+00 -2.09611842e+00 -6.84544345e-01 -1.56646513e+01
1.905256 -1.93197390e+00 -2.15390819e+00 -2.15390819e+00 -6.01899641e-01 -1.48664989e+01
1.905796 -1.95475119e+00 -2.22540030e+00 -2.22540030e+00 -5.20153268e-01 -1.48152101e+01
1.906335 -1.98259551e+00 -2.31600854e+00 -2.31600854e+00 -4.36457886e-01 -1.47915487e+01
1.906874 -2.01601977e+00 -2.43589752e+00 -2.43589752e+00 -3.47788363e-01 -1.51487810e+01
1.907411 -2.05574889e+00 -2.60784615e+00 -2.60784615e+00 -2.50330442e-01 -1.44539536e+01
1.907949 -2.10281222e+00 -2.90401354e+00 -2.90401354e+00 -1.38442364e-01 -1.38460323e+01
1.908485 -2.15870174e+00 -4.73168294e+00 -4.73168294e+00 -2.32184991e-03 -1.20933277e+01
1.909021 -2.22565868e+00             nan             nan  0.00000000e+00 -1.40053477e+01
1.909556 -2.30723496e+00             nan             nan  0.00000000e+00 -1.46002439e+01
1.910091 -2.40951900e+00             nan             nan  0.00000000e+00 -1.55215355e+01
1.910624 -2.54426626e+00             nan             nan  0.00000000e+00 -1.45079482e+01
1.911158 -2.73916163e+00             nan             nan  0.00000000e+00 -1.46382995e+01
1.911690 -3.09288102e+00             nan             nan  0.00000000e+00 -1.51591679e+01
1.912222             nan             nan             nan -2.00718410e-02            -inf
1.912753             nan             nan             nan -1.13352731e-01 -1.50488666e+01
1.913284             nan             nan             nan -1.88794012e-01 -1.51380377e+01
1.913814             nan             nan             nan -2.52355567e-01 -1.51689605e+01
1.914343             nan             nan             nan -3.07593501e-01 -1.60968408e+01
1.914872             nan             nan             nan -3.56837607e-01 -1.48857291e+01
1.915400             nan             nan             nan -4.01740417e-01 -1.48752688e+01
1.915927             nan             nan             nan -4.43567181e-01 -1.54412921e+01
1.916454             nan             nan             nan -4.83368258e-01 -1.51913127e+01
1.916980             nan             nan             nan -5.22097039e-01 -1.61465384e+01
1.917506             nan             nan             nan -5.60707184e-01 -1.61432412e+01
1.918030             nan             nan             nan -6.00253279e-01 -1.53574572e+01
1.918555             nan             nan             nan -6.42021021e-01 -1.61234948e+01
1.919078             nan             nan             nan -6.87728430e-01 -1.49927097e+01
1.919601             nan             nan             nan -7.39882109e-01 -1.54826518e+01
1.920123             nan             nan             nan -8.02489069e-01 -1.49779575e+01
1.920645             nan             nan             nan -8.82685077e-01 -1.51780829e+01
1.921166             nan             nan             nan -9.95216722e-01 -1.50786762e+01
1.921686             nan             nan             nan -1.17914985e+00 -1.56303026e+01
1.922206             nan             nan             nan -1.62302892e+00 -1.49664286e+01
1.922725             nan             nan             nan -1.52416035e+00 -1.57925465e+01
1.923244             nan             nan             nan -9.93126999e-01 -1.49948868e+01
1.923762             nan             nan             nan -6.91480513e-01 -1.46311101e+01
1.924279             nan             nan             nan -4.42132304e-01 -1.44445809e+01
1.924796             nan             nan             nan -1.93792269e-01 -1.37715279e+01
1.925312             nan -3.43223193e+00 -3.43223193e+00  0.00000000e+00 -1.34607758e+01
1.925828             nan -2.81065559e+00 -2.81065559e+00  0.00000000e+00 -1.50081061e+01
1.926342             nan -2.56777714e+00 -2.56777714e+00  0.00000000e+00 -1.50169013e+01
1.926857             nan -2.41624744e+00 -2.41624744e+00  0.00000000e+00 -1.51336689e+01
1.927370             nan -2.30767538e+00 -2.30767538e+00  0.00000000e+00 -1.48247054e+01
1.927883             nan -2.22458593e+00 -2.22458593e+00  0.00000000e+00 -1.51840013e+01
1.928396             nan -2.15867232e+00 -2.15867232e+00  0.00000000e+00 -1.47891841e+01
1.928908 -3.51384103e+00 -2.10534165e+00 -2.10534165e+00 -3.39262379e-02 -1.48103301e+01
1.929419 -3.17922789e+00 -2.06179923e+00 -2.06179923e+00 -6.64095810e-02 -1.49586078e+01
1.929930 -3.01529676e+00 -2.02623118e+00 -2.02623118e+00 -8.93877752e-02 -1.54335086e+01
1.930440 -2.91613550e+00 -1.99740731e+00 -1.99740731e+00 -1.05245679e-01 -1.54623324e+01
1.930949 -2.85332671e+00 -1.97446968e+00 -1.97446968e+00 -1.15479696e-01 -1.48320576e+01
1.931458 -2.81541779e+00 -1.95681223e+00 -1.95681223e+00 -1.21062128e-01 -1.49910442e+01
1.931966 -2.79709005e+00 -1.94400893e+00 -1.94400893e+00 -1.22632476e-01 -1.48873419e+01
1.932474 -2.79600245e+00 -1.93576973e+00 -1.93576973e+00 -1.20603542e-01 -1.51260300e+01
1.932981 -2.81173120e+00 -1.93191366e+00 -1.93191366e+00 -1.15221569e-01 -1.50884934e+01
1.933487 -2.84558708e+00 -1.93235323e+00 -1.93235323e+00 -1.06599029e-01 -1.50155032e+01
1.933993 -2.90113591e+00 -1.93708728e+00 -1.93708728e+00 -9.47289631e-02 -1.55226525e+01
1.934498 -2.98594345e+00 -1.94620084e+00 -1.94620084e+00 -7.94843443e-02 -1.52705009e+01
1.935003 -3.11690279e+00 -1.95987211e+00 -1.95987211e+00 -6.06020795e-02 -1.54029576e+01
1.935507 -3.34174185e+00 -1.97838779e+00 -1.97838779e+00 -3.76471479e-02 -1.50042307e+01
1.936011 -3.94335041e+00 -2.00216960e+00 -2.00216960e+00 -9.94609212e-03 -1.50596301e+01
1.936514             nan -2.03181772e+00 -2.03181772e+00  0.00000000e+00 -1.48838540e+01
1.937016             nan -2.06818158e+00 -2.06818158e+00  0.00000000e+00 -1.49522255e+01
1.937518             nan -2.11247848e+00 -2.11247848e+00  0.00000000e+00 -1.52089586e+01
1.938019             nan -2.16650141e+00 -2.16650141e+00  0.00000000e+00 -1.46281266e+01
1.938520             nan -2.23300864e+00 -2.23300864e+00  0.00000000e+00 -1.49836931e+01
1.939020             nan -2.31652319e+00 -2.31652319e+00  0.00000000e+00 -1.48702153e+01
1.939519             nan -2.42519807e+00 -2.42519807e+00  0.00000000e+00 -1.46823592e+01
1.940018             nan -2.57609034e+00 -2.57609034e+00  0.00000000e+00 -1.48573205e+01
1.940516             nan -2.81591326e+00 -2.81591326e+00  0.00000000e+00 -1.39530768e+01
1.941014             nan -3.40978149e+00 -3.40978149e+00  0.00000000e+00 -1.35186790e+01
1.941511             nan             nan             nan -2.34937091e-01 -1.52382454e+01
1.942008             nan             nan             nan -7.45847499e-01 -1.46480931e+01
1.942504             nan             nan             nan -9.86709573e-01 -1.45831214e+01
1.943000             nan             nan             nan -4.69300680e-01 -1.45096114e+01
1.943495             nan             nan             nan -2.46417077e-01 -1.51162010e+01
1.943989             nan             nan             nan -8.90629559e-02 -1.52438131e+01
1.944483 -3.41903561e+00             nan             nan  0.00000000e+00 -1.50039424e+01
1.944976 -2.78945273e+00             nan             nan  0.00000000e+00            -inf
1.945469 -2.50354631e+00             nan             nan  0.00000000e+00 -1.47932185e+01
1.945961 -2.30502305e+00             nan             nan  0.00000000e+00 -1.51853574e+01
1.946452 -2.14753526e+00             nan             nan  0.00000000e+00 -1.51540679e+01
1.946943 -2.01380569e+00             nan             nan  0.00000000e+00 -1.49642623e+01
1.947434 -1.89528597e+00             nan             nan  0.00000000e+00 -1.52490377e+01
1.947924 -1.78693323e+00             nan             nan  0.00000000e+00 -1.49591949e+01
1.948413 -1.68532644e+00             nan             nan  0.00000000e+00 -1.61120166e+01
1.948902 -1.58781360e+00             nan             nan  0.00000000e+00 -1.55123036e+01
1.949390 -1.49202836e+00             nan             nan  0.00000000e+00 -1.55103605e+01
1.949878 -1.39552036e+00             nan             nan  0.00000000e+00 -1.53280070e+01
1.950365 -1.29534413e+00             nan             nan  0.00000000e+00            -inf
1.950851 -1.18741527e+00             nan             nan  0.00000000e+00 -1.53811395e+01
1.951338 -1.06521372e+00             nan             nan  0.00000000e+00 -1.52816254e+01
1.951823 -9.16542617e-01             nan             nan  0.00000000e+00 -1.50339807e+01
1.952308 -7.12889482e-01             nan             nan  0.00000000e+00 -1.49228602e+01
1.952792 -3.51295178e-01             nan             nan  0.00000000e+00 -1.54858719e+01
1.953276             nan             nan             nan -3.71503839e-03 -1.51025270e+01
1.953760             nan             nan             nan -1.88131603e-02 -1.53801778e+01
1.954243             nan             nan             nan -2.97274426e-02            -inf
1.954725             nan             nan             nan -3.62098446e-02 -1.48188434e+01
1.955207             nan             nan             nan -3.77325383e-02 -1.44188727e+01
1.955688             nan             nan             nan -3.33603587e-02 -1.47213623e+01
1.956168             nan             nan             nan -2.14985822e-02 -1.45055125e+01
1.956649             nan -4.61414228e+00 -4.61414228e+00  0.00000000e+00 -1.23065263e+01
1.957128             nan -2.94985797e+00 -2.94985797e+00  0.00000000e+00 -1.39010884e+01
1.957607             nan -2.65620095e+00 -2.65620095e+00  0.00000000e+00 -1.40120236e+01
1.958086             nan -2.48578982e+00 -2.48578982e+00  0.00000000e+00 -1.44620666e+01
1.958564             nan -2.36719611e+00 -2.36719611e+00  0.00000000e+00 -1.43054376e+01
1.959041             nan -2.27778949e+00 -2.27778949e+00  0.00000000e+00 -1.43690369e+01
1.959518             nan -2.20745551e+00 -2.20745551e+00  0.00000000e+00 -1.48766206e+01
1.959995 -2.49965001e+00 -2.15080223e+00 -2.15080223e+00 -4.18688510e-01 -1.47349062e+01
1.960471 -2.20931555e+00 -2.10462638e+00 -2.10462638e+00 -9.21008446e-01 -1.52582034e+01
1.960946 -2.05316541e+00 -2.06688255e+00 -2.06688255e+00 -1.80158664e+00 -1.47644683e+01
1.961421 -1.95047002e+00 -2.03619885e+00 -2.03619885e+00 -1.00709447e+00 -1.60256009e+01
1.961895 -1.87690848e+00 -2.01162490e+00 -2.01162490e+00 -8.12856746e-01 -1.47491448e+01
1.962369 -1.82189814e+00 -1.99249095e+00 -1.99249095e+00 -7.12388005e-01 -1.51662188e+01
1.962843 -1.77991047e+00 -1.97832467e+00 -1.97832467e+00 -6.48704957e-01 -1.48530261e+01
1.963316 -1.74771934e+00 -1.96880055e+00 -1.96880055e+00 -6.03501836e-01 -1.53148479e+01
1.963788 -1.72330002e+00 -1.96370876e+00 -1.96370876e+00 -5.68760086e-01 -1.50566983e+01
1.964260 -1.70531807e+00 -1.96293670e+00 -1.96293670e+00 -5.40316652e-01 -1.53998930e+01
1.964731 -1.69286631e+00 -1.96645971e+00 -1.96645971e+00 -5.15748208e-01 -1.52502420e+01
1.965202 -1.68531899e+00 -1.97433901e+00 -1.97433901e+00 -4.93513172e-01 -1.52423627e+01
1.965672 -1.68224650e+00 -1.98672672e+00 -1.98672672e+00 -4.72551197e-01 -1.52969218e+01
1.966142 -1.68336391e+00 -2.00387874e+00 -2.00387874e+00 -4.52074901e-01 -1.49439776e+01
1.966611 -1.68849968e+00 -2.02617796e+00 -2.02617796e+00 -4.31450584e-01 -1.48595305e+01
1.967080 -1.69757744e+00 -2.05417248e+00 -2.05417248e+00 -4.10122401e-01 -1.47523548e+01
1.967548 -1.71060703e+00 -2.08863797e+00 -2.08863797e+00 -3.87557373e-01 -1.53711018e+01
1.968016 -1.72768308e+00 -2.13068100e+00 -2.13068100e+00 -3.63198158e-01 -1.46300887e+01
1.968483 -1.74899077e+00 -2.18191783e+00 -2.18191783e+00 -3.36413877e-01 -1.49256394e+01
1.968950 -1.77481985e+00 -2.24480309e+00 -2.24480309e+00 -3.06439018e-01 -1.52729286e+01
1.969416 -1.80558938e+00 -2.32328665e+00 -2.32328665e+00 -2.72286227e-01 -1.44713414e+01
1.969882 -1.84188838e+00 -2.42428949e+00 -2.42428949e+00 -2.32608175e-01 -1.51256269e+01
1.970347 -1.88454214e+00 -2.56163943e+00 -2.56163943e+00 -1.85458813e-01 -1.43098286e+01
1.970812 -1.93472249e+00 -2.76998131e+00 -2.76998131e+00 -1.27842660e-01 -1.39138750e+01
1.971276 -1.99413975e+00 -3.19498977e+00 -3.19498977e+00 -5.47695718e-02 -1.39953830e+01
1.971740 -2.06539865e+00             nan             nan  0.00000000e+00 -1.34372310e+01
1.972203 -2.15271831e+00             nan             nan  0.00000000e+00 -1.45233608e+01
1.972666 -2.26357792e+00             nan             nan  0.00000000e+00 -1.45746073e+01
1.973128 -2.41322398e+00             nan             nan  0.00000000e+00 -1.44064069e+01
1.973590 -2.64138311e+00             nan             nan  0.00000000e+00 -1.43739730e+01
1.974051 -3.13676158e+00             nan             nan  0.00000000e+00 -1.48435068e+01
1.974512             nan             nan             nan -1.08633679e-01 -1.48017358e+01
1.974972             nan             nan             nan -2.84076301e-01 -1.47687029e+01
1.975432             nan             nan             nan -4.37044094e-01 -1.46354064e+01
1.975891             nan             nan             nan -5.81508387e-01 -1.46501451e+01
1.976350             nan             nan             nan -7.27781844e-01 -1.48447565e+01
1.976808             nan             nan             nan -8.87253607e-01 -1.48672056e+01
1.977266             nan             nan             nan -1.07857424e+00 -1.49813212e+01
1.977724             nan             nan             nan -1.34757097e+00 -1.50314836e+01
1.978181             nan             nan             nan -1.93208417e+00 -1.51264545e+01
1.978637             nan             nan             nan -1.74870925e+00 -1.51810458e+01
1.979093             nan             nan             nan -1.34846730e+00 -1.49071795e+01
1.979548             nan             nan             nan -1.15387033e+00 -1.56009723e+01
1.980003             nan             nan             nan -1.02419707e+00 -1.54664489e+01
1.980458             nan             nan             nan -9.25530480e-01 -1.55772050e+01
1.980912             nan             nan             nan -8.44226464e-01 -1.51321539e+01
1.981366             nan             nan             nan -7.73342365e-01 -1.51657219e+01
1.981819             nan             nan             nan -7.08765300e-01 -1.48043353e+01
1.982271             nan             nan             nan -6.47741335e-01 -1.47970459e+01
1.982723             nan             nan             nan -5.88197429e-01 -1.50848699e+01
1.983175             nan             nan             nan -5.28368182e-01 -1.47454515e+01
1.983626             nan             nan             nan -4.66539712e-01            -inf
1.984077             nan             nan             nan -4.00813895e-01 -1.56877627e+01
1.984527             nan             nan             nan -3.28810490e-01 -1.46997591e+01
1.984977             nan             nan             nan -2.47180559e-01 -1.41315891e+01
1.985426             nan             nan             nan -1.50643784e-01 -1.38859673e+01
1.985875             nan             nan             nan -2.97154998e-02 -1.33896723e+01
1.986324             nan -3.08925089e+00 -3.08925089e+00  0.00000000e+00 -1.35789737e+01
1.986772             nan -2.73698056e+00 -2.73698056e+00  0.00000000e+00 -1.45466679e+01
1.987219             nan -2.54815438e+00 -2.54815438e+00  0.00000000e+00 -1.41244793e+01
1.987666             nan -2.42039935e+00 -2.42039935e+00  0.00000000e+00 -1.42566886e+01
1.988113             nan -2.32541886e+00 -2.32541886e+00  0.00000000e+00 -1.43298407e+01
1.988559 -3.94724382e+00 -2.25127234e+00 -2.25127234e+00 -1.74945003e-02 -1.49654294e+01
1.989005 -2.93482491e+00 -2.19179905e+00 -2.19179905e+00 -1.58702582e-01 -1.44808346e+01
1.989450 -2.66160819e+00 -2.14341506e+00 -2.14341506e+00 -2.71954802e-01 -1.48214747e+01
1.989895 -2.50076009e+00 -2.10386435e+00 -2.10386435e+00 -3.68972986e-01 -1.45599954e+01
1.990339 -2.38888756e+00 -2.07164839e+00 -2.07164839e+00 -4.56159240e-01 -1.59901513e+01
1.990783 -2.30504945e+00 -2.04573551e+00 -2.04573551e+00 -5.37629517e-01 -1.44478625e+01
1.991226 -2.23970813e+00 -2.02540065e+00 -2.02540065e+00 -6.16466600e-01 -1.46561878e+01
1.991669 -2.18772381e+00 -2.01013190e+00 -2.01013190e+00 -6.95384523e-01 -1.46899400e+01
1.992111 -2.14602213e+00 -1.99957377e+00 -1.99957377e+00 -7.77218021e-01 -1.50208333e+01
1.992554 -2.11263168e+00 -1.99349246e+00 -1.99349246e+00 -8.65471253e-01 -1.50683073e+01
1.992995 -2.08622707e+00 -1.99175488e+00 -1.99175488e+00 -9.65218187e-01 -1.54679849e+01
1.993436 -2.06588978e+00 -1.99431757e+00 -1.99431757e+00 -1.08505126e+00 -1.54654222e+01
1.993877 -2.05097362e+00 -2.00122304e+00 -2.00122304e+00 -1.24249077e+00 -1.49813955e+01
1.994317 -2.04102521e+00 -2.01260334e+00 -2.01260334e+00 -1.48531650e+00 -1.54471364e+01
1.994757 -2.03573556e+00 -2.02869106e+00 -2.02869106e+00 -2.09097364e+00 -1.49917160e+01
1.995196 -2.03491040e+00 -2.04984015e+00 -2.04984015e+00 -1.76480466e+00 -1.51088696e+01
1.995635 -2.03845305e+00 -2.07656050e+00 -2.07656050e+00 -1.35808298e+00 -1.52862692e+01
1.996074 -2.04635615e+00 -2.10957428e+00 -2.10957428e+00 -1.13873854e+00 -1.47618938e+01
1.996512 -2.05870095e+00 -2.14990892e+00 -2.14990892e+00 -9.80373645e-01 -1.57357996e+01
1.996949 -2.07566393e+00 -2.19905624e+00 -2.19905624e+00 -8.50434039e-01 -1.50176455e+01
1.997386 -2.09753199e+00 -2.25926100e+00 -2.25926100e+00 -7.35005082e-01 -1.52004787e+01
1.997823 -2.12472915e+00 -2.33408654e+00 -2.33408654e+00 -6.26224132e-01 -1.48526519e+01
1.998259 -2.15786040e+00 -2.42965131e+00 -2.42965131e+00 -5.18438584e-01 -1.44783336e+01
1.998695 -2.19778349e+00 -2.55779325e+00 -2.55779325e+00 -4.06418176e-01 -1.42084394e+01
1.999131 -2.24572942e+00 -2.74647793e+00 -2.74647793e+00 -2.83894139e-01 -1.40225121e+01
1.999565 -2.30351412e+00 -3.09608790e+00 -3.09608790e+00 -1.41268858e-01 -1.43502879e+01
2.000000 -2.37393626e+00             nan             nan  0.00000000e+00 -1.30032308e+01
