# Spherical Bessel functions via up and down recursion
# x    d_rec    u_rec    gsl    relerr_ud   relerr_dg
0.100000  7.27151100e-21 -5.64669822e+02  7.27151100e-21  1.00000000e+00  1.00000000e+00
0.200000  7.44117253e-18 -1.37159336e-01  7.44117253e-18  1.00000000e+00  1.00000000e+00
0.300000  4.28629297e-16  3.90825579e-04  4.28629297e-16  1.00000000e+00  1.00000000e+00
0.400000  7.59990549e-15 -3.66289640e-04  7.59990549e-15  1.00000000e+00  1.00000000e+00
0.500000  7.06412396e-14 -2.15357267e-05  7.06412396e-14  1.00000000e+00  1.00000000e+00
0.600000  4.36346695e-13  3.81548434e-06  4.36346695e-13  9.99999771e-01  9.99999771e-01
0.700000  2.03269081e-12 -7.70117235e-07  2.03269081e-12  1.00000000e+00  1.00000000e+00
0.800000  7.70146281e-12 -3.54663507e-07  7.70146281e-12  1.00000000e+00  1.00000000e+00
0.900000  2.49167513e-11  2.76932068e-08  2.49167513e-11  9.98202133e-01  9.98202133e-01
1.000000  7.11655264e-11  4.00101485e-08  7.11655264e-11  9.96448942e-01  9.96448942e-01
1.100000  1.83742679e-10  5.86030228e-09  1.83742679e-10  9.39198772e-01  9.39198772e-01
1.200000  4.36434583e-10 -4.87672616e-09  4.36434583e-10  1.00000000e+00  1.00000000e+00
1.300000  9.66436816e-10 -1.53302670e-09  9.66436816e-10  1.00000000e+00  1.00000000e+00
1.400000  2.01587241e-09  2.26030055e-09  2.01587241e-09  5.71604883e-02  5.71604883e-02
1.500000  3.99344070e-09  3.44967523e-09  3.99344070e-09  7.30561595e-02  7.30561595e-02
1.600000  7.56302213e-09  7.33667275e-09  7.56302213e-09  1.51915448e-02  1.51915448e-02
1.700000  1.37674742e-08  1.37292040e-08  1.37674742e-08  1.39181060e-03  1.39181060e-03
1.800000  2.41973554e-08  2.41995347e-08  2.41973554e-08  4.50289832e-05  4.50289832e-05
1.900000  4.12158807e-08  4.12850079e-08  4.12158807e-08  8.37897324e-04  8.37897324e-04
2.000000  6.82530086e-08  6.83419910e-08  6.82530086e-08  6.51432152e-04  6.51432152e-04
2.100000  1.10183156e-07  1.10186860e-07  1.10183156e-07  1.68076022e-05  1.68076022e-05
2.200000  1.73802576e-07  1.73800116e-07  1.73802576e-07  7.07783084e-06  7.07783084e-06
2.300000  2.68423900e-07  2.68438837e-07  2.68423900e-07  2.78239912e-05  2.78239912e-05
2.400000  4.06606642e-07  4.06609155e-07  4.06606642e-07  3.09030877e-06  3.09030877e-06
2.500000  6.05043623e-07  6.05045591e-07  6.05043623e-07  1.62630727e-06  1.62630727e-06
2.600000  8.85624115e-07  8.85625841e-07  8.85624115e-07  9.74510960e-07  9.74510960e-07
2.700000  1.27669516e-06  1.27669838e-06  1.27669516e-06  1.25992210e-06  1.25992210e-06
2.800000  1.81454273e-06  1.81454283e-06  1.81454273e-06  2.70944897e-08  2.70944903e-08
2.900000  2.54511432e-06  2.54511372e-06  2.54511432e-06  1.17072933e-07  1.17072933e-07
3.000000  3.52600389e-06  3.52600290e-06  3.52600389e-06  1.41151597e-07  1.41151596e-07
3.100000  4.82871932e-06  4.82871959e-06  4.82871932e-06  2.86083104e-08  2.86083123e-08
3.200000  6.54125051e-06  6.54125077e-06  6.54125051e-06  2.02067961e-08  2.02067972e-08
3.300000  8.77095477e-06  8.77095484e-06  8.77095477e-06  4.14131520e-09  4.14131482e-09
3.400000  1.16477730e-05  1.16477727e-05  1.16477730e-05  1.31764926e-08  1.31764930e-08
3.500000  1.53277870e-05  1.53277872e-05  1.53277870e-05  7.75816165e-09  7.75816187e-09
3.600000  1.99971251e-05  1.99971251e-05  1.99971251e-05  2.57509281e-10  2.57509536e-10
3.700000  2.58762175e-05  2.58762175e-05  2.58762175e-05  3.53173959e-10  3.53173959e-10
3.800000  3.32243988e-05  3.32243988e-05  3.32243988e-05  2.27277138e-10  2.27277444e-10
3.900000  4.23448503e-05  4.23448502e-05  4.23448503e-05  6.96858001e-10  6.96858081e-10
4.000000  5.35898658e-05  5.35898658e-05  5.35898658e-05  3.34704129e-10  3.34704509e-10
4.100000  6.73664216e-05  6.73664217e-05  6.73664216e-05  4.29168989e-10  4.29169190e-10
4.200000  8.41420218e-05  8.41420219e-05  8.41420218e-05  2.35539324e-10  2.35539163e-10
4.300000  1.04450783e-04  1.04450783e-04  1.04450783e-04  4.58832968e-11  4.58831670e-11
4.400000  1.28899719e-04  1.28899719e-04  1.28899719e-04  3.51397083e-11  3.51398135e-11
4.500000  1.58175164e-04  1.58175164e-04  1.58175164e-04  3.45300984e-12  3.45309552e-12
4.600000  1.93049293e-04  1.93049293e-04  1.93049293e-04  1.71578922e-11  1.71579624e-11
4.700000  2.34386654e-04  2.34386654e-04  2.34386654e-04  4.59725121e-12  4.59690428e-12
4.800000  2.83150650e-04  2.83150650e-04  2.83150650e-04  8.30447564e-12  8.30457136e-12
4.900000  3.40409877e-04  3.40409877e-04  3.40409877e-04  4.07909676e-12  4.07933564e-12
5.000000  4.07344244e-04  4.07344244e-04  4.07344244e-04  3.76288813e-12  3.76302121e-12
5.100000  4.85250757e-04  4.85250757e-04  4.85250757e-04  5.34671149e-13  5.34838723e-13
5.200000  5.75548880e-04  5.75548880e-04  5.75548880e-04  2.23302190e-12  2.23321028e-12
5.300000  6.79785360e-04  6.79785360e-04  6.79785360e-04  2.65657582e-12  2.65665556e-12
5.400000  7.99638393e-04  7.99638392e-04  7.99638393e-04  1.98783453e-12  1.98769894e-12
5.500000  9.36921026e-04  9.36921026e-04  9.36921026e-04  5.68241572e-13  5.68125852e-13
5.600000  1.09358367e-03  1.09358367e-03  1.09358367e-03  5.96240786e-13  5.96141643e-13
5.700000  1.27171559e-03  1.27171559e-03  1.27171559e-03  2.73498304e-13  2.73498304e-13
5.800000  1.47354527e-03  1.47354527e-03  1.47354527e-03  8.50338619e-13  8.50044307e-13
5.900000  1.70143952e-03  1.70143952e-03  1.70143952e-03  2.77002314e-13  2.76874869e-13
6.000000  1.95790120e-03  1.95790120e-03  1.95790120e-03  1.95697846e-13  1.95476343e-13
6.100000  2.24556545e-03  2.24556545e-03  2.24556545e-03  6.56634146e-15  6.85603300e-15
6.200000  2.56719436e-03  2.56719436e-03  2.56719436e-03  1.19772675e-13  1.21039664e-13
6.300000  2.92566988e-03  2.92566988e-03  2.92566988e-03  3.42418266e-14  4.00229142e-14
6.400000  3.32398496e-03  3.32398496e-03  3.32398496e-03  5.67545221e-14  5.64935818e-14
6.500000  3.76523288e-03  3.76523288e-03  3.76523288e-03  1.49734465e-14  1.45703152e-14
6.600000  4.25259451e-03  4.25259451e-03  4.25259451e-03  1.12178331e-14  1.16257543e-14
6.700000  4.78932373e-03  4.78932373e-03  4.78932373e-03  6.51971433e-15  6.51971433e-15
6.800000  5.37873068e-03  5.37873068e-03  5.37873068e-03  2.49949435e-15  2.58012320e-15
6.900000  6.02416305e-03  6.02416305e-03  6.02416305e-03  7.91892504e-16  8.63882731e-16
7.000000  6.72898526e-03  6.72898526e-03  6.72898526e-03  1.14720410e-14  1.16653900e-14
7.100000  7.49655569e-03  7.49655569e-03  7.49655569e-03  7.75199156e-15  7.40488746e-15
7.200000  8.33020179e-03  8.33020179e-03  8.33020179e-03  2.18657326e-14  2.19698552e-14
7.300000  9.23319339e-03  9.23319339e-03  9.23319339e-03  6.29394772e-15  6.48182676e-15
7.400000  1.02087141e-02  1.02087141e-02  1.02087141e-02  8.92110229e-15  9.17599092e-15
7.500000  1.12598309e-02  1.12598309e-02  1.12598309e-02  1.77172465e-15  1.69469314e-15
7.600000  1.23894625e-02  1.23894625e-02  1.23894625e-02  3.92044911e-15  3.43039297e-15
7.700000  1.36003457e-02  1.36003457e-02  1.36003457e-02  9.69379656e-15  9.50247163e-15
7.800000  1.48950009e-02  1.48950009e-02  1.48950009e-02  4.25091663e-15  4.25091663e-15
7.900000  1.62756965e-02  1.62756965e-02  1.62756965e-02  1.01254487e-14  9.91228138e-15
8.000000  1.77444126e-02  1.77444126e-02  1.77444126e-02  2.05299515e-15  1.66194845e-15
8.100000  1.93028038e-02  1.93028038e-02  1.93028038e-02  5.75161535e-15  5.84148434e-15
8.200000  2.09521620e-02  2.09521620e-02  2.09521620e-02  2.56662906e-15  2.64942354e-15
8.300000  2.26933794e-02  2.26933794e-02  2.26933794e-02  1.52883662e-15  9.93743806e-16
8.400000  2.45269114e-02  2.45269114e-02  2.45269114e-02  1.83891113e-15  1.83891113e-15
8.500000  2.64527406e-02  2.64527406e-02  2.64527406e-02  2.95101962e-15  2.42639391e-15
8.600000  2.84703415e-02  2.84703415e-02  2.84703415e-02  2.43723593e-16  3.65585389e-16
8.700000  3.05786469e-02  3.05786469e-02  3.05786469e-02  3.40379380e-16  3.97109276e-16
8.800000  3.27760160e-02  3.27760160e-02  3.27760160e-02  1.37609191e-15  8.46825790e-16
8.900000  3.50602042e-02  3.50602042e-02  3.50602042e-02  2.17705044e-15  2.07809360e-15
9.000000  3.74283363e-02  3.74283363e-02  3.74283363e-02  3.70782919e-16  0.00000000e+00
9.100000  3.98768818e-02  3.98768818e-02  3.98768818e-02  3.48015873e-16  3.48015873e-16
9.200000  4.24016336e-02  4.24016336e-02  4.24016336e-02  1.30917482e-15  6.54587412e-16
9.300000  4.49976911e-02  4.49976911e-02  4.49976911e-02  1.54205555e-16  4.62616664e-16
9.400000  4.76594460e-02  4.76594460e-02  4.76594460e-02  5.09576395e-16  5.82373023e-16
9.500000  5.03805738e-02  5.03805738e-02  5.03805738e-02  2.20367285e-15  8.95242095e-16
9.600000  5.31540289e-02  5.31540289e-02  5.31540289e-02  1.30543141e-16  1.30543141e-15
9.700000  5.59720453e-02  5.59720453e-02  5.59720453e-02  4.95882819e-16  3.09926762e-16
9.800000  5.88261423e-02  5.88261423e-02  5.88261423e-02  2.35911914e-16  1.76933935e-16
9.900000  6.17071357e-02  6.17071357e-02  6.17071357e-02  5.62244044e-17  7.30917258e-16
10.000000  6.46051545e-02  6.46051545e-02  6.46051545e-02  1.07404648e-16  0.00000000e+00
10.100000  6.75096640e-02  6.75096640e-02  6.75096640e-02  1.02783713e-16  2.05567425e-16
10.200000  7.04094942e-02  7.04094942e-02  7.04094942e-02  0.00000000e+00  9.85505433e-17
10.300000  7.32928747e-02  7.32928747e-02  7.32928747e-02  5.68041076e-16  2.84020538e-16
10.400000  7.61474756e-02  7.61474756e-02  7.61474756e-02  4.55622058e-16  3.64497646e-16
10.500000  7.89604542e-02  7.89604542e-02  7.89604542e-02  8.78780900e-17  0.00000000e+00
10.600000  8.17185086e-02  8.17185086e-02  8.17185086e-02  1.69824291e-16  0.00000000e+00
10.700000  8.44079358e-02  8.44079358e-02  8.44079358e-02  8.22066532e-17  2.46619960e-16
10.800000  8.70146969e-02  8.70146969e-02  8.70146969e-02  0.00000000e+00  2.39231790e-16
10.900000  8.95244870e-02  8.95244870e-02  8.95244870e-02  7.75083347e-17  7.75083347e-17
11.000000  9.19228105e-02  9.19228105e-02  9.19228105e-02  3.01944375e-16  1.50972188e-16
11.100000  9.41950616e-02  9.41950616e-02  9.41950616e-02  0.00000000e+00  7.36651560e-17
11.200000  9.63266085e-02  9.63266085e-02  9.63266085e-02  7.20350691e-17  1.44070138e-16
11.300000  9.83028830e-02  9.83028830e-02  9.83028830e-02  0.00000000e+00  7.05868810e-17
11.400000  1.00109472e-01  1.00109472e-01  1.00109472e-01  1.38626121e-16  4.85191425e-16
11.500000  1.01732213e-01  1.01732213e-01  1.01732213e-01  1.36414881e-16  6.82074407e-17
11.600000  1.03157293e-01  1.03157293e-01  1.03157293e-01  2.01795540e-16  3.36325900e-16
11.700000  1.04371347e-01  1.04371347e-01  1.04371347e-01  1.32965495e-16  1.99448242e-16
11.800000  1.05361557e-01  1.05361557e-01  1.05361557e-01  6.58579286e-17  6.58579286e-17
11.900000  1.06115757e-01  1.06115757e-01  1.06115757e-01  1.30779709e-16  0.00000000e+00
12.000000  1.06622531e-01  1.06622531e-01  1.06622531e-01  6.50790585e-17  0.00000000e+00
12.100000  1.06871311e-01  1.06871311e-01  1.06871311e-01  1.29855128e-16  6.49275642e-17
12.200000  1.06852480e-01  1.06852480e-01  1.06852480e-01  5.19512055e-16  6.49390068e-17
12.300000  1.06557460e-01  1.06557460e-01  1.06557460e-01  1.30237599e-16  6.51187995e-17
12.400000  1.05978811e-01  1.05978811e-01  1.05978811e-01  1.24401267e-15  6.54743511e-17
12.500000  1.05110311e-01  1.05110311e-01  1.05110311e-01  6.66755026e-15  2.64061396e-16
12.600000  1.03947043e-01  1.03947043e-01  1.03947043e-01  4.67278876e-16  1.33508250e-16
12.700000  1.02485467e-01  1.02485467e-01  1.02485467e-01  1.35412251e-16  6.77061257e-17
12.800000  1.00723493e-01  1.00723493e-01  1.00723493e-01  2.75562083e-16  1.37781042e-16
12.900000  9.86605419e-02  9.86605419e-02  9.86605419e-02  1.40661986e-16  1.40661986e-16
13.000000  9.62975972e-02  9.62975972e-02  9.62975972e-02  2.16170313e-16  1.44113542e-16
13.100000  9.36372521e-02  9.36372521e-02  9.36372521e-02  7.41039890e-17  7.41039890e-17
13.200000  9.06837444e-02  9.06837444e-02  9.06837444e-02  2.29552516e-16  2.29552516e-16
13.300000  8.74429814e-02  8.74429814e-02  8.74429814e-02  7.93533545e-17  7.93533545e-17
13.400000  8.39225556e-02  8.39225556e-02  8.39225556e-02  8.26821092e-17  1.07486742e-15
13.500000  8.01317478e-02  8.01317478e-02  8.01317478e-02  8.65935674e-17  1.73187135e-16
13.600000  7.60815205e-02  7.60815205e-02  7.60815205e-02  3.64813629e-16  2.73610222e-16
13.700000  7.17844983e-02  7.17844983e-02  7.17844983e-02  0.00000000e+00  9.66628459e-17
13.800000  6.72549374e-02  6.72549374e-02  6.72549374e-02  0.00000000e+00  3.09519011e-16
13.900000  6.25086822e-02  6.25086822e-02  6.25086822e-02  3.33020646e-16  3.33020646e-16
14.000000  5.75631114e-02  5.75631114e-02  5.75631114e-02  0.00000000e+00  0.00000000e+00
14.100000  5.24370702e-02  5.24370702e-02  5.24370702e-02  0.00000000e+00  1.32328024e-16
14.200000  4.71507924e-02  4.71507924e-02  4.71507924e-02  2.20745831e-16  2.20745831e-16
14.300000  4.17258101e-02  4.17258101e-02  4.17258101e-02  2.49446106e-16  2.49446106e-16
14.400000  3.61848524e-02  3.61848524e-02  3.61848524e-02  9.58811967e-17  2.87643590e-16
14.500000  3.05517334e-02  3.05517334e-02  3.05517334e-02  2.83899354e-16  1.13559742e-16
14.600000  2.48512299e-02  2.48512299e-02  2.48512299e-02  3.49021654e-16  5.58434647e-16
14.700000  1.91089496e-02  1.91089496e-02  1.91089496e-02  3.63122727e-16  6.35464772e-16
14.800000  1.33511905e-02  1.33511905e-02  1.33511905e-02  8.44546603e-16  1.68909321e-15
14.900000  7.60479196e-03  7.60479196e-03  7.60479196e-03  1.82487409e-15  5.70273153e-17
15.000000  1.89697900e-03  1.89697900e-03  1.89697900e-03  4.74379423e-15  5.60110644e-15
15.100000 -3.74479981e-03 -3.74479981e-03 -3.74479981e-03  1.50551474e-15  3.70588243e-15
15.200000 -9.29303965e-03 -9.29303965e-03 -9.29303965e-03  1.86669114e-16  2.52003304e-15
15.300000 -1.47203507e-02 -1.47203507e-02 -1.47203507e-02  8.83839411e-16  6.48148901e-16
15.400000 -1.99996322e-02 -1.99996322e-02 -1.99996322e-02  5.20426613e-16  6.07164381e-16
15.500000 -2.51042486e-02 -2.51042486e-02 -2.51042486e-02  2.07302377e-16  3.45503962e-16
15.600000 -3.00082055e-02 -3.00082055e-02 -3.00082055e-02  3.00603182e-15  1.73424913e-16
15.700000 -3.46863251e-02 -3.46863251e-02 -3.46863251e-02  1.92045082e-14  4.00093920e-16
15.800000 -3.91144198e-02 -3.91144198e-02 -3.91144198e-02  1.33049920e-15  1.77399893e-16
15.900000 -4.32694614e-02 -4.32694614e-02 -4.32694614e-02  3.20729386e-16  4.00911733e-16
16.000000 -4.71297468e-02 -4.71297468e-02 -4.71297468e-02  7.36148014e-16  7.36148014e-17
16.100000 -5.06750562e-02 -5.06750562e-02 -5.06750562e-02  6.16181311e-16  0.00000000e+00
16.200000 -5.38868053e-02 -5.38868053e-02 -5.38868053e-02  5.15071834e-16  6.43839792e-16
16.300000 -5.67481875e-02 -5.67481875e-02 -5.67481875e-02  1.83412745e-16  6.11375817e-17
16.400000 -5.92443077e-02 -5.92443077e-02 -5.92443077e-02  3.51370157e-16  5.85616929e-17
16.500000 -6.13623036e-02 -6.13623036e-02 -6.13623036e-02  0.00000000e+00  1.13080727e-16
16.600000 -6.30914564e-02 -6.30914564e-02 -6.30914564e-02  1.09981514e-16  1.09981514e-16
16.700000 -6.44232868e-02 -6.44232868e-02 -6.44232868e-02  1.07707853e-16  0.00000000e+00
16.800000 -6.53516387e-02 -6.53516387e-02 -6.53516387e-02  0.00000000e+00  2.12355621e-16
16.900000 -6.58727461e-02 -6.58727461e-02 -6.58727461e-02  0.00000000e+00  1.05337857e-16
17.000000 -6.59852858e-02 -6.59852858e-02 -6.59852858e-02  1.05158200e-16  1.05158200e-16
17.100000 -6.56904134e-02 -6.56904134e-02 -6.56904134e-02  1.05630237e-16  1.05630237e-16
17.200000 -6.49917817e-02 -6.49917817e-02 -6.49917817e-02  0.00000000e+00  0.00000000e+00
17.300000 -6.38955431e-02 -6.38955431e-02 -6.38955431e-02  1.08597463e-16  0.00000000e+00
17.400000 -6.24103337e-02 -6.24103337e-02 -6.24103337e-02  0.00000000e+00  1.11181811e-16
17.500000 -6.05472394e-02 -6.05472394e-02 -6.05472394e-02  5.73014887e-17  5.73014887e-17
17.600000 -5.83197457e-02 -5.83197457e-02 -5.83197457e-02  1.18980181e-16  1.18980181e-16
17.700000 -5.57436682e-02 -5.57436682e-02 -5.57436682e-02  0.00000000e+00  0.00000000e+00
17.800000 -5.28370674e-02 -5.28370674e-02 -5.28370674e-02  1.31326250e-16  1.31326250e-16
17.900000 -4.96201450e-02 -4.96201450e-02 -4.96201450e-02  1.39840259e-16  6.99201293e-17
18.000000 -4.61151255e-02 -4.61151255e-02 -4.61151255e-02  7.52344683e-17  7.52344683e-17
18.100000 -4.23461211e-02 -4.23461211e-02 -4.23461211e-02  0.00000000e+00  2.45792072e-16
18.200000 -3.83389815e-02 -3.83389815e-02 -3.83389815e-02  9.04939782e-17  2.71481935e-16
18.300000 -3.41211306e-02 -3.41211306e-02 -3.41211306e-02  0.00000000e+00  7.11762131e-16
18.400000 -2.97213901e-02 -2.97213901e-02 -2.97213901e-02  0.00000000e+00  1.16732325e-15
18.500000 -2.51697903e-02 -2.51697903e-02 -2.51697903e-02  0.00000000e+00  1.03381283e-15
18.600000 -2.04973722e-02 -2.04973722e-02 -2.04973722e-02  8.46315061e-17  5.07789036e-16
18.700000 -1.57359790e-02 -1.57359790e-02 -1.57359790e-02  2.20478622e-16  4.40957243e-16
18.800000 -1.09180408e-02 -1.09180408e-02 -1.09180408e-02  5.56100885e-16  6.35543868e-16
18.900000 -6.07635313e-03 -6.07635313e-03 -6.07635313e-03  1.64155370e-15  9.27834702e-16
19.000000 -1.24385035e-03 -1.24385035e-03 -1.24385035e-03  2.10939303e-14  6.62454008e-15
19.100000  3.54662280e-03  3.54662280e-03  3.54662280e-03  3.72953856e-15  1.46735943e-15
19.200000  8.26254150e-03  8.26254150e-03  8.26254150e-03  1.04975175e-15  9.44776573e-16
19.300000  1.28719302e-02  1.28719302e-02  1.28719302e-02  4.71687777e-16  9.43375555e-16
19.400000  1.73435900e-02  1.73435900e-02  1.73435900e-02  0.00000000e+00  9.00189137e-16
19.500000  2.16473211e-02  2.16473211e-02  2.16473211e-02  8.01357115e-17  5.60949981e-16
19.600000  2.57541406e-02  2.57541406e-02  2.57541406e-02  2.69428284e-16  1.41449849e-15
19.700000  2.96364919e-02  2.96364919e-02  2.96364919e-02  0.00000000e+00  1.17066722e-16
19.800000  3.32684453e-02  3.32684453e-02  3.32684453e-02  1.04286417e-16  2.08572834e-16
19.900000  3.66258873e-02  3.66258873e-02  3.66258873e-02  9.47266320e-17  9.47266320e-17
20.000000  3.96866986e-02  3.96866986e-02  3.96866986e-02  8.74209010e-17  8.74209010e-17
20.100000  4.24309172e-02  4.24309172e-02  4.24309172e-02  0.00000000e+00  0.00000000e+00
20.200000  4.48408867e-02  4.48408867e-02  4.48408867e-02  1.54744797e-16  7.73723984e-17
20.300000  4.69013889e-02  4.69013889e-02  4.69013889e-02  0.00000000e+00  1.47946448e-16
20.400000  4.85997577e-02  4.85997577e-02  4.85997577e-02  2.14164460e-16  1.42776307e-16
20.500000  4.99259752e-02  4.99259752e-02  4.99259752e-02  0.00000000e+00  6.94918215e-17
20.600000  5.08727482e-02  5.08727482e-02  5.08727482e-02  1.36397072e-16  2.04595608e-16
20.700000  5.14355648e-02  5.14355648e-02  5.14355648e-02  6.74522962e-17  2.02356888e-16
20.800000  5.16127298e-02  5.16127298e-02  5.16127298e-02  3.36103803e-16  0.00000000e+00
20.900000  5.14053792e-02  5.14053792e-02  5.14053792e-02  0.00000000e+00  0.00000000e+00
21.000000  5.08174736e-02  5.08174736e-02  5.08174736e-02  0.00000000e+00  1.36545432e-16
21.100000  4.98557700e-02  4.98557700e-02  4.98557700e-02  0.00000000e+00  2.08769032e-16
21.200000  4.85297722e-02  4.85297722e-02  4.85297722e-02  2.14473309e-16  1.42982206e-16
21.300000  4.68516600e-02  4.68516600e-02  4.68516600e-02  1.48103480e-16  4.44310441e-16
21.400000  4.48361981e-02  4.48361981e-02  4.48361981e-02  7.73804894e-17  2.32141468e-16
21.500000  4.25006250e-02  4.25006250e-02  4.25006250e-02  8.16328455e-17  5.71429918e-16
21.600000  3.98645221e-02  3.98645221e-02  3.98645221e-02  1.74061886e-16  8.70309431e-17
21.700000  3.69496651e-02  3.69496651e-02  3.69496651e-02  1.87793147e-16  6.57276016e-16
21.800000  3.37798579e-02  3.37798579e-02  3.37798579e-02  5.13537825e-16  1.02707565e-16
21.900000  3.03807505e-02  3.03807505e-02  3.03807505e-02  1.14198856e-15  6.28093708e-16
22.000000  2.67796419e-02  2.67796419e-02  2.67796419e-02  1.04292089e-14  1.94333085e-16
22.100000  2.30052708e-02  2.30052708e-02  2.30052708e-02  4.52432876e-16  3.01621917e-16
22.200000  1.90875936e-02  1.90875936e-02  1.90875936e-02  2.72646754e-16  5.45293507e-16
22.300000  1.50575532e-02  1.50575532e-02  1.50575532e-02  2.59213949e-15  3.45618599e-16
22.400000  1.09468396e-02  1.09468396e-02  1.09468396e-02  5.54637903e-16  1.10927581e-15
22.500000  6.78764464e-03  6.78764464e-03  6.78764464e-03  3.32241984e-15  1.15006840e-15
22.600000  2.61241170e-03  2.61241170e-03  2.61241170e-03  8.30039286e-16  3.32015714e-16
22.700000 -1.54641608e-03 -1.54641608e-03 -1.54641608e-03  2.73431486e-15  1.65461104e-14
22.800000 -5.65664831e-03 -5.65664831e-03 -5.65664831e-03  4.60004771e-16  1.30334685e-15
22.900000 -9.68659791e-03 -9.68659791e-03 -9.68659791e-03  1.70130661e-15  1.34313680e-15
23.000000 -1.36053280e-02 -1.36053280e-02 -1.36053280e-02  1.27503245e-16  0.00000000e+00
23.100000 -1.73828931e-02 -1.73828931e-02 -1.73828931e-02  2.99384595e-16  3.99179460e-16
23.200000 -2.09905726e-02 -2.09905726e-02 -2.09905726e-02  1.65285961e-16  4.13214901e-16
23.300000 -2.44010944e-02 -2.44010944e-02 -2.44010944e-02  7.10920359e-17  4.26552215e-16
23.400000 -2.75888476e-02 -2.75888476e-02 -2.75888476e-02  6.28777070e-17  5.03021656e-16
23.500000 -3.05300818e-02 -3.05300818e-02 -3.05300818e-02  2.27280554e-16  5.68201385e-16
23.600000 -3.32030916e-02 -3.32030916e-02 -3.32030916e-02  4.17966736e-16  4.17966736e-16
23.700000 -3.55883846e-02 -3.55883846e-02 -3.55883846e-02  0.00000000e+00  2.92464549e-16
23.800000 -3.76688321e-02 -3.76688321e-02 -3.76688321e-02  1.84207832e-16  3.68415664e-16
23.900000 -3.94298009e-02 -3.94298009e-02 -3.94298009e-02  2.63971428e-16  0.00000000e+00
24.000000 -4.08592640e-02 -4.08592640e-02 -4.08592640e-02  8.49121255e-17  2.54736377e-16
24.100000 -4.19478920e-02 -4.19478920e-02 -4.19478920e-02  8.27084936e-17  0.00000000e+00
24.200000 -4.26891211e-02 -4.26891211e-02 -4.26891211e-02  0.00000000e+00  5.68906739e-16
24.300000 -4.30792000e-02 -4.30792000e-02 -4.30792000e-02  8.05364759e-17  3.22145904e-16
24.400000 -4.31172130e-02 -4.31172130e-02 -4.31172130e-02  8.04654733e-17  3.21861893e-16
24.500000 -4.28050809e-02 -4.28050809e-02 -4.28050809e-02  8.10522228e-17  1.62104446e-16
24.600000 -4.21475385e-02 -4.21475385e-02 -4.21475385e-02  1.64633432e-16  4.93900296e-16
24.700000 -4.11520891e-02 -4.11520891e-02 -4.11520891e-02  9.27387098e-16  1.68615836e-16
24.800000 -3.98289370e-02 -3.98289370e-02 -3.98289370e-02  3.48434803e-16  3.48434803e-16
24.900000 -3.81908974e-02 -3.81908974e-02 -3.81908974e-02  9.08448658e-17  3.63379463e-16
25.000000 -3.62532856e-02 -3.62532856e-02 -3.62532856e-02  9.57002074e-17  2.87100622e-16
25.100000 -3.40337853e-02 -3.40337853e-02 -3.40337853e-02  1.19271274e-14  3.05823780e-16
25.200000 -3.15522980e-02 -3.15522980e-02 -3.15522980e-02  9.78631662e-15  2.19917228e-16
25.300000 -2.88307745e-02 -2.88307745e-02 -2.88307745e-02  2.28642807e-15  5.41522437e-16
25.400000 -2.58930292e-02 -2.58930292e-02 -2.58930292e-02  2.00987316e-16  5.35966175e-16
25.500000 -2.27645393e-02 -2.27645393e-02 -2.27645393e-02  0.00000000e+00  8.38231688e-16
25.600000 -1.94722316e-02 -1.94722316e-02 -1.94722316e-02  1.06904448e-15  8.90870399e-16
25.700000 -1.60442560e-02 -1.60442560e-02 -1.60442560e-02  9.73090388e-16  7.56848080e-16
25.800000 -1.25097502e-02 -1.25097502e-02 -1.25097502e-02  6.93348569e-16  0.00000000e+00
25.900000 -8.89859643e-03 -8.89859643e-03 -8.89859643e-03  2.92415240e-16  0.00000000e+00
26.000000 -5.24117226e-03 -5.24117226e-03 -5.24117226e-03  1.90313531e-15  4.38548571e-15
26.100000 -1.56809741e-03 -1.56809741e-03 -1.56809741e-03  1.05786115e-14  5.04731136e-15
26.200000  2.09002068e-03  2.09002068e-03  2.09002068e-03  3.00876095e-15  1.00637866e-14
26.300000  5.70284095e-03  5.70284095e-03  5.70284095e-03  2.96581196e-15  3.34604426e-15
26.400000  9.24054021e-03  9.24054021e-03  9.24054021e-03  2.81594491e-16  1.87729660e-15
26.500000  1.26740598e-02  1.26740598e-02  1.26740598e-02  1.36871965e-16  1.23184769e-15
26.600000  1.59753455e-02  1.59753455e-02  1.59753455e-02  0.00000000e+00  5.42937701e-16
26.700000  1.91175786e-02  1.91175786e-02  1.91175786e-02  5.44438240e-16  1.08887648e-15
26.800000  2.20753961e-02  2.20753961e-02  2.20753961e-02  3.14327039e-16  3.14327039e-16
26.900000  2.48250984e-02  2.48250984e-02  2.48250984e-02  2.79511235e-16  1.39755617e-16
27.000000  2.73448425e-02  2.73448425e-02  2.73448425e-02  2.53755124e-16  1.90316343e-16
27.100000  2.96148195e-02  2.96148195e-02  2.96148195e-02  0.00000000e+00  1.17152392e-16
27.200000  3.16174140e-02  3.16174140e-02  3.16174140e-02  0.00000000e+00  4.38928618e-16
27.300000  3.33373451e-02  3.33373451e-02  3.33373451e-02  2.08141766e-16  1.04070883e-16
27.400000  3.47617879e-02  3.47617879e-02  3.47617879e-02  1.99612688e-16  3.99225375e-16
27.500000  3.58804724e-02  3.58804724e-02  3.58804724e-02  0.00000000e+00  1.93389146e-16
27.600000  3.66857623e-02  3.66857623e-02  3.66857623e-02  3.78288113e-16  1.89144056e-16
27.700000  3.71727105e-02  3.71727105e-02  3.71727105e-02  7.46665368e-16  3.73332684e-16
27.800000  3.73390913e-02  3.73390913e-02  3.73390913e-02  9.29172841e-17  1.85834568e-16
27.900000  3.71854099e-02  3.71854099e-02  3.71854099e-02  0.00000000e+00  0.00000000e+00
28.000000  3.67148888e-02  3.67148888e-02  3.67148888e-02  2.83491008e-16  0.00000000e+00
28.100000  3.59334307e-02  3.59334307e-02  3.59334307e-02  2.60690577e-15  9.65520654e-17
28.200000  3.48495585e-02  3.48495585e-02  3.48495585e-02  3.28531420e-15  9.95549759e-17
28.300000  3.34743335e-02  3.34743335e-02  3.34743335e-02  6.63327935e-15  2.07289980e-16
28.400000  3.18212520e-02  3.18212520e-02  3.18212520e-02  2.39864330e-15  1.09029241e-16
28.500000  2.99061212e-02  2.99061212e-02  2.99061212e-02  1.79817461e-15  5.80056325e-17
28.600000  2.77469154e-02  2.77469154e-02  2.77469154e-02  6.25195072e-17  2.50078029e-16
28.700000  2.53636144e-02  2.53636144e-02  2.53636144e-02  7.52335923e-16  2.05182524e-16
28.800000  2.27780250e-02  2.27780250e-02  2.27780250e-02  9.90050947e-16  7.61577652e-17
28.900000  2.00135868e-02  2.00135868e-02  2.00135868e-02  1.73354581e-16  8.66772903e-17
29.000000  1.70951654e-02  1.70951654e-02  1.70951654e-02  7.10321548e-16  7.10321548e-16
29.100000  1.40488324e-02  1.40488324e-02  1.40488324e-02  1.29652031e-15  3.08695311e-16
29.200000  1.09016373e-02  1.09016373e-02  1.09016373e-02  1.59125041e-16  1.67081293e-15
29.300000  7.68137013e-03  7.68137013e-03  7.68137013e-03  4.40378568e-15  5.08129117e-16
29.400000  4.41631914e-03  4.41631914e-03  4.41631914e-03  6.97217314e-15  3.92798487e-15
29.500000  1.13502449e-03  1.13502449e-03  1.13502449e-03  2.74149172e-14  9.45671360e-15
29.600000 -2.13396947e-03 -2.13396947e-03 -2.13396947e-03  7.92586499e-15  1.21936384e-15
29.700000 -5.36236126e-03 -5.36236126e-03 -5.36236126e-03  1.12416225e-14  8.08749818e-17
29.800000 -8.52233661e-03 -8.52233661e-03 -8.52233661e-03  5.39408078e-15  2.03550218e-16
29.900000 -1.15868079e-02 -1.15868079e-02 -1.15868079e-02  5.24003870e-15  7.48576957e-16
30.000000 -1.45296464e-02 -1.45296464e-02 -1.45296464e-02  6.86503973e-15  9.55135963e-16
30.100000 -1.73259060e-02 -1.73259060e-02 -1.73259060e-02  8.21009447e-15  1.10135414e-15
30.200000 -1.99520354e-02 -1.99520354e-02 -1.99520354e-02  9.12919216e-15  5.21668123e-16
30.300000 -2.23860780e-02 -2.23860780e-02 -2.23860780e-02  9.91887033e-15  2.32473523e-16
30.400000 -2.46078572e-02 -2.46078572e-02 -2.46078572e-02  1.32530033e-14  0.00000000e+00
30.500000 -2.65991455e-02 -2.65991455e-02 -2.65991455e-02  1.76738784e-14  6.52172634e-17
30.600000 -2.83438161e-02 -2.83438161e-02 -2.83438161e-02  2.36855187e-14  6.12028907e-16
30.700000 -2.98279759e-02 -2.98279759e-02 -2.98279759e-02  3.23356253e-14  1.16315199e-16
30.800000 -3.10400784e-02 -3.10400784e-02 -3.10400784e-02  4.67211714e-14  5.58865687e-17
30.900000 -3.19710157e-02 -3.19710157e-02 -3.19710157e-02  6.86922160e-14  1.08518509e-16
31.000000 -3.26141889e-02 -3.26141889e-02 -3.26141889e-02  1.06697588e-13  0.00000000e+00
31.100000 -3.29655560e-02 -3.29655560e-02 -3.29655560e-02  1.77337161e-13  0.00000000e+00
31.200000 -3.30236579e-02 -3.30236579e-02 -3.30236579e-02  3.30622053e-13  0.00000000e+00
31.300000 -3.27896209e-02 -3.27896209e-02 -3.27896209e-02  7.99706716e-13  1.05809304e-16
31.400000 -3.22671368e-02 -3.22671368e-02 -3.22671368e-02  7.63507341e-12  1.07522616e-16
31.500000 -3.14624204e-02 -3.14624204e-02 -3.14624204e-02  1.90771821e-12  0.00000000e+00
31.600000 -3.03841449e-02 -3.03841449e-02 -3.03841449e-02  1.16566878e-12  0.00000000e+00
31.700000 -2.90433559e-02 -2.90433559e-02 -2.90433559e-02  1.02231736e-12  5.97287545e-17
31.800000 -2.74533646e-02 -2.74533646e-02 -2.74533646e-02  1.03742075e-12  6.31880101e-17
31.900000 -2.56296213e-02 -2.56296213e-02 -2.56296213e-02  1.14636932e-12  2.03052959e-16
32.000000 -2.35895707e-02 -2.35895707e-02 -2.35895707e-02  1.34500508e-12  0.00000000e+00
32.100000 -2.13524899e-02 -2.13524899e-02 -2.13524899e-02  1.65839724e-12  8.12422104e-17
32.200000 -1.89393101e-02 -1.89393101e-02 -1.89393101e-02  2.13505160e-12  1.00753186e-15
32.300000 -1.63724250e-02 -1.63724250e-02 -1.63724250e-02  2.87506105e-12  6.35723837e-16
32.400000 -1.36754868e-02 -1.36754868e-02 -1.36754868e-02  4.06970033e-12  1.01479296e-15
32.500000 -1.08731910e-02 -1.08731910e-02 -1.08731910e-02  6.13069514e-12  1.11678939e-15
32.600000 -7.99105309e-03 -7.99105309e-03 -7.99105309e-03  1.01065260e-11  3.47333140e-15
32.700000 -5.05517900e-03 -5.05517900e-03 -5.05517900e-03  1.95638480e-11  5.14736514e-16
32.800000 -2.09203031e-03 -2.09203031e-03 -2.09203031e-03  5.84536127e-11  3.73142569e-15
32.900000  8.71812449e-04  8.71812449e-04  8.71812449e-04  1.74999148e-10  2.11415161e-15
33.000000  3.80988693e-03  3.80988693e-03  3.80988693e-03  5.04089292e-11  3.18725058e-15
33.100000  6.69608428e-03  6.69608428e-03  6.69608428e-03  3.64232941e-11  2.13728921e-15
33.200000  9.50488056e-03  9.50488056e-03  9.50488056e-03  3.28761150e-11  2.73763063e-16
33.300000  1.22115621e-02  1.22115621e-02  1.22115621e-02  3.30912641e-11  2.84111641e-16
33.400000  1.47924431e-02  1.47924431e-02  1.47924431e-02  3.56738738e-11  1.23134470e-15
33.500000  1.72250730e-02  1.72250730e-02  1.72250730e-02  4.04400851e-11  1.20851051e-15
33.600000  1.94884322e-02  1.94884322e-02  1.94884322e-02  4.77508364e-11  1.42420772e-15
33.700000  2.15631151e-02  2.15631151e-02  2.15631151e-02  5.84571259e-11  1.04583244e-15
33.800000  2.34314964e-02  2.34314964e-02  2.34314964e-02  7.40703310e-11  7.40338324e-17
33.900000  2.50778829e-02  2.50778829e-02  2.50778829e-02  9.72275614e-11  0.00000000e+00
34.000000  2.64886459e-02  2.64886458e-02  2.64886458e-02  1.32703241e-10  0.00000000e+00
34.100000  2.76523354e-02  2.76523354e-02  2.76523354e-02  1.89802054e-10  0.00000000e+00
34.200000  2.85597745e-02  2.85597745e-02  2.85597745e-02  2.88810536e-10  1.21480194e-16
34.300000  2.92041324e-02  2.92041324e-02  2.92041324e-02  4.82630267e-10  5.93999319e-17
34.400000  2.95809767e-02  2.95809766e-02  2.95809766e-02  9.60895764e-10  1.17286423e-16
34.500000  2.96883036e-02  2.96883034e-02  2.96883034e-02  3.24133268e-09  5.84312096e-17
34.600000  2.95265455e-02  2.95265458e-02  2.95265458e-02  5.46705514e-09  5.87513177e-17
34.700000  2.90985605e-02  2.90985607e-02  2.90985607e-02  2.05356511e-09  5.96154393e-17
34.800000  2.84095924e-02  2.84095925e-02  2.84095925e-02  1.53786798e-09  1.83183565e-16
34.900000  2.74672172e-02  2.74672173e-02  2.74672173e-02  1.40442113e-09  1.26312284e-16
35.000000  2.62812645e-02  2.62812646e-02  2.62812646e-02  1.41995222e-09  6.60060884e-17
35.100000  2.48637198e-02  2.48637198e-02  2.48637198e-02  1.53368642e-09  0.00000000e+00
35.200000  2.32286075e-02  2.32286076e-02  2.32286076e-02  1.74066307e-09  0.00000000e+00
35.300000  2.13918566e-02  2.13918567e-02  2.13918567e-02  2.05898889e-09  8.10927027e-17
35.400000  1.93711484e-02  1.93711485e-02  1.93711485e-02  2.52923628e-09  0.00000000e+00
35.500000  1.71857501e-02  1.71857502e-02  1.71857502e-02  3.22527332e-09  0.00000000e+00
35.600000  1.48563337e-02  1.48563338e-02  1.48563338e-02  4.28139689e-09  4.08683074e-16
35.700000  1.24047832e-02  1.24047834e-02  1.24047834e-02  5.95691492e-09  1.53827420e-15
35.800000  9.85399189e-03  9.85399206e-03  9.85399206e-03  8.80815822e-09  1.67240575e-15
35.900000  7.22764999e-03  7.22765020e-03  7.22765020e-03  1.42481036e-08  1.74008770e-15
36.000000  4.55002714e-03  4.55002739e-03  4.55002739e-03  2.71079921e-08  5.24226466e-15
36.100000  1.84574951e-03  1.84574981e-03  1.84574981e-03  8.07670136e-08  2.46709988e-15
36.200000 -8.60425294e-04 -8.60424930e-04 -8.60424930e-04  2.11280716e-07  1.82711251e-14
36.300000 -3.54383370e-03 -3.54383325e-03 -3.54383325e-03  6.31185214e-08  2.50871223e-15
36.400000 -6.18013009e-03 -6.18012954e-03 -6.18012954e-03  4.49460096e-08  7.01734270e-17
36.500000 -8.74550706e-03 -8.74550637e-03 -8.74550637e-03  3.98266004e-08  1.88438180e-15
36.600000 -1.12169100e-02 -1.12169091e-02 -1.12169091e-02  3.93452364e-08  6.18610159e-16
36.700000 -1.35722439e-02 -1.35722428e-02 -1.35722428e-02  4.16806172e-08  1.91721093e-16
36.800000 -1.57905713e-02 -1.57905698e-02 -1.57905698e-02  4.65261694e-08  4.39432775e-16
36.900000 -1.78522981e-02 -1.78522962e-02 -1.78522962e-02  5.42699421e-08  9.71708883e-17
37.000000 -1.97393474e-02 -1.97393448e-02 -1.97393448e-02  6.59349633e-08  8.78815126e-17
37.100000 -2.14353182e-02 -2.14353146e-02 -2.14353146e-02  8.34877119e-08  8.09282955e-17
37.200000 -2.29256288e-02 -2.29256237e-02 -2.29256237e-02  1.10686724e-07  7.56674497e-17
37.300000 -2.41976426e-02 -2.41976351e-02 -2.41976351e-02  1.55294637e-07  1.43379588e-16
37.400000 -2.52407769e-02 -2.52407650e-02 -2.52407650e-02  2.35790283e-07  6.87270562e-17
37.500000 -2.60465924e-02 -2.60465711e-02 -2.60465711e-02  4.08376909e-07  6.66008385e-17
37.600000 -2.66088724e-02 -2.66088214e-02 -2.66088214e-02  9.57634489e-07  1.30387096e-16
37.700000 -2.69167475e-02 -2.69235429e-02 -2.69235429e-02  1.26212785e-04  1.28862942e-16
37.800000 -2.69889768e-02 -2.69890484e-02 -2.69890484e-02  1.32790557e-06  6.42750885e-17
37.900000 -2.68059007e-02 -2.68059439e-02 -2.68059439e-02  8.06148762e-07  6.47141350e-17
38.000000 -2.63770785e-02 -2.63771132e-02 -2.63771132e-02  6.58224022e-07  0.00000000e+00
38.100000 -2.57076513e-02 -2.57076828e-02 -2.57076828e-02  6.11422226e-07  3.37393979e-16
38.200000 -2.48049357e-02 -2.48049661e-02 -2.48049661e-02  6.13207407e-07  6.99345231e-17
38.300000 -2.36783571e-02 -2.36783879e-02 -2.36783879e-02  6.49034159e-07  0.00000000e+00
38.400000 -2.23393569e-02 -2.23393889e-02 -2.23393889e-02  7.16676694e-07  1.55306260e-16
38.500000 -2.08012796e-02 -2.08013137e-02 -2.08013137e-02  8.20650869e-07  4.16974500e-16
38.600000 -1.90792426e-02 -1.90792797e-02 -1.90792797e-02  9.71778404e-07  1.18198410e-15
38.700000 -1.71899909e-02 -1.71900318e-02 -1.71900318e-02  1.18954776e-06  5.04572503e-16
38.800000 -1.51517362e-02 -1.51517819e-02 -1.51517819e-02  1.50807121e-06  2.86224335e-16
38.900000 -1.29839836e-02 -1.29840352e-02 -1.29840352e-02  1.98944226e-06  1.13563690e-15
39.000000 -1.07073473e-02 -1.07074063e-02 -1.07074063e-02  2.75594437e-06  1.21508662e-15
39.100000 -8.34335609e-03 -8.34342417e-03 -8.34342417e-03  4.08000105e-06  1.24749032e-15
39.200000 -5.91425160e-03 -5.91433087e-03 -5.91433087e-03  6.70162562e-06  2.56644932e-15
39.300000 -3.44278026e-03 -3.44287339e-03 -3.44287339e-03  1.35260843e-05  6.29824016e-16
39.400000 -9.51981618e-04 -9.52092033e-04 -9.52092033e-04  5.79890054e-05  6.09235391e-15
39.500000  1.53502543e-03  1.53489333e-03  1.53489333e-03  4.30322575e-05  6.99306024e-15
39.600000  3.99525650e-03  3.99509693e-03  3.99509693e-03  1.99706434e-05  4.01647130e-15
39.700000  6.40607355e-03  6.40587883e-03  6.40587883e-03  1.51984613e-05  1.82791211e-15
39.800000  8.74539297e-03  8.74515270e-03  8.74515270e-03  1.37371493e-05  2.18200401e-15
39.900000  1.09918880e-02  1.09915878e-02  1.09915878e-02  1.36552858e-05  1.34149404e-15
40.000000  1.31251837e-02  1.31248032e-02  1.31248032e-02  1.44945738e-05  7.93028338e-16
40.100000  1.51260431e-02  1.51255526e-02  1.51255526e-02  1.62162480e-05  0.00000000e+00
40.200000  1.69765440e-02  1.69758980e-02  1.69758980e-02  1.90266978e-05  4.08749741e-16
40.300000  1.86602450e-02  1.86593708e-02  1.86593708e-02  2.34250657e-05  1.85935903e-16
40.400000  2.01623464e-02  2.01611183e-02  2.01611183e-02  3.04550172e-05  3.44172073e-16
40.500000  2.14698588e-02  2.14680356e-02  2.14680356e-02  4.24623682e-05  2.42414841e-16
40.600000  2.25718487e-02  2.25688794e-02  2.25688794e-02  6.57784372e-05  7.68635183e-17
40.700000  2.34602249e-02  2.34543662e-02  2.34543662e-02  1.24880142e-04  0.00000000e+00
40.800000  2.41406770e-02  2.41172498e-02  2.41172498e-02  4.85457279e-04  7.19287435e-17
40.900000  2.45337802e-02  2.45523815e-02  2.45523815e-02  3.78951272e-04  1.41307961e-16
41.000000  2.47487043e-02  2.47567491e-02  2.47567491e-02  1.62503702e-04  0.00000000e+00
41.100000  2.47237438e-02  2.47294976e-02  2.47294976e-02  1.16348172e-04  1.40295893e-16
41.200000  2.44670823e-02  2.44719278e-02  2.44719278e-02  9.90106083e-05  1.41772523e-16
41.300000  2.39830431e-02  2.39874770e-02  2.39874770e-02  9.24286044e-05  1.44635759e-16
41.400000  2.32774085e-02  2.32816781e-02  2.32816781e-02  9.17036815e-05  1.49020485e-16
41.500000  2.23578425e-02  2.23621007e-02  2.23621007e-02  9.52183255e-05  7.75742629e-17
41.600000  2.12339143e-02  2.12382725e-02  2.12382725e-02  1.02614101e-04  3.26716492e-16
41.700000  1.99170319e-02  1.99215838e-02  1.99215838e-02  1.14260805e-04  7.83698294e-16
41.800000  1.84203402e-02  1.84251738e-02  1.84251738e-02  1.31186417e-04  1.88299279e-16
41.900000  1.67585970e-02  1.67638020e-02  1.67638020e-02  1.55269542e-04  1.03480313e-15
42.000000  1.49480307e-02  1.49537045e-02  1.49537045e-02  1.89746944e-04  6.96037619e-16
42.100000  1.30061842e-02  1.30124370e-02  1.30124370e-02  2.40321926e-04  8.66532732e-16
42.200000  1.09517458e-02  1.09587067e-02  1.09587067e-02  3.17695163e-04  1.18722277e-15
42.300000  8.80436991e-03  8.81219291e-03  8.81219291e-03  4.44070743e-04  5.90564742e-16
42.400000  6.58448744e-03  6.59336036e-03  6.59336036e-03  6.73320681e-04  7.23529323e-16
42.500000  4.31310989e-03  4.32326509e-03  4.32326509e-03  1.17586419e-03  9.02819452e-16
42.600000  2.01162644e-03  2.02335584e-03  2.02335584e-03  2.90692710e-03  2.46488033e-15
42.700000 -2.98403552e-04 -2.84727684e-04 -2.84727684e-04  2.34524700e-02  3.24619769e-14
42.800000 -2.59546232e-03 -2.57935753e-03 -2.57935753e-03  3.11214586e-03  6.47320632e-15
42.900000 -4.85828977e-03 -4.83911949e-03 -4.83911949e-03  1.97684516e-03  1.61315621e-15
43.000000 -7.06610554e-03 -7.04301238e-03 -7.04301238e-03  1.63675456e-03  1.29309701e-15
43.100000 -9.19884234e-03 -9.17064274e-03 -9.17064274e-03  1.53513253e-03  8.51222304e-16
43.200000 -1.12374026e-02 -1.12024132e-02 -1.12024132e-02  1.55925385e-03  3.09705318e-16
43.300000 -1.31639678e-02 -1.31197029e-02 -1.31197029e-02  1.68412169e-03  6.61113854e-17
43.400000 -1.49624319e-02 -1.49050379e-02 -1.49050379e-02  1.92162151e-03  3.49155129e-16
43.500000 -1.66191520e-02 -1.65422503e-02 -1.65422503e-02  2.31901419e-03  5.24331166e-16
43.600000 -1.81246246e-02 -1.80166250e-02 -1.80166250e-02  2.98826521e-03  9.62845970e-17
43.700000 -1.94784295e-02 -1.93150319e-02 -1.93150319e-02  4.21198847e-03  8.98120949e-17
43.800000 -2.07102537e-02 -2.04260429e-02 -2.04260429e-02  6.90900118e-03  1.69854091e-16
43.900000 -2.20588153e-02 -2.13400330e-02 -2.13400330e-02  1.65622445e-02  3.25158537e-16
44.000000 -1.89332050e-02 -2.20492632e-02 -2.20492632e-02  7.60339319e-02  7.86748954e-17
44.100000 -2.19500380e-02 -2.25479467e-02 -2.25479467e-02  1.34367593e-02  3.84674379e-16
44.200000 -2.24637436e-02 -2.28322955e-02 -2.28322955e-02  8.13651364e-03  1.51953489e-16
44.300000 -2.26138970e-02 -2.29005486e-02 -2.29005486e-02  6.29803492e-03  0.00000000e+00
44.400000 -2.25053835e-02 -2.27529814e-02 -2.27529814e-02  5.47076545e-03  4.57449540e-16
44.500000 -2.21646393e-02 -2.23918950e-02 -2.23918950e-02  5.10038978e-03  7.74710437e-17
44.600000 -2.16044450e-02 -2.18215876e-02 -2.18215876e-02  5.00028821e-03  7.94957500e-17
44.700000 -2.08347190e-02 -2.10483068e-02 -2.10483068e-02  5.09962587e-03  2.47248887e-16
44.800000 -1.98653614e-02 -2.00801831e-02 -2.00801831e-02  5.37786506e-03  1.12306770e-15
44.900000 -1.87071775e-02 -1.89271477e-02 -1.89271477e-02  5.84493398e-03  1.19148461e-15
45.000000 -1.73721861e-02 -1.76008314e-02 -1.76008314e-02  6.53776166e-03  1.97118356e-16
45.100000 -1.58736843e-02 -1.61144499e-02 -1.61144499e-02  7.52671480e-03  7.53551280e-16
45.200000 -1.42261980e-02 -1.44826732e-02 -1.44826732e-02  8.93365921e-03  5.98896160e-16
45.300000 -1.24453677e-02 -1.27214828e-02 -1.27214828e-02  1.09713795e-02  2.72723472e-16
45.400000 -1.05477911e-02 -1.08480159e-02 -1.08480159e-02  1.40319467e-02  1.75902750e-15
45.500000 -8.55082865e-03 -8.88040046e-03 -8.88040046e-03  1.89069751e-02  1.07438613e-15
45.600000 -6.47237515e-03 -6.83758078e-03 -6.83758078e-03  2.74385306e-02  3.42500771e-15
45.700000 -4.33058894e-03 -4.73913605e-03 -4.73913605e-03  4.50451484e-02  1.09812640e-15
45.800000 -2.14356727e-03 -2.60509376e-03 -2.60509376e-03  9.71908687e-02  8.32370943e-16
45.900000  7.10590065e-05 -4.55739329e-04 -4.55739329e-04  1.00000000e+00  1.92698700e-14
46.000000  2.29665854e-03  1.68857592e-03  1.68857592e-03  1.52583902e-01  1.24563675e-14
46.100000  4.51835071e-03  3.80762686e-03  3.80762686e-03  8.53622107e-02  1.25287738e-15
46.200000  6.72415129e-03  5.88150480e-03  5.88150480e-03  6.68466984e-02  5.60396483e-15
46.300000  8.90687926e-03  7.89080403e-03  7.89080403e-03  6.04890094e-02  7.69444044e-16
46.400000  1.10676435e-02  9.81680315e-03  9.81680315e-03  5.98933943e-02  3.53419224e-16
46.500000  1.32229168e-02  1.16416391e-02  1.16416391e-02  6.35956535e-02  3.72525608e-16
46.600000  1.54207564e-02  1.33484729e-02  1.33484729e-02  7.20312495e-02  9.09696894e-16
46.700000  1.77843592e-02  1.49216446e-02  1.49216446e-02  8.75287182e-02  2.90638788e-16
46.800000  2.06587843e-02  1.63468171e-02  1.63468171e-02  1.16522012e-01  2.12239907e-16
46.900000  2.53347690e-02  1.76111070e-02  1.76111070e-02  1.79846420e-01  4.92508358e-16
47.000000  4.30588981e-02  1.87032006e-02  1.87032006e-02  3.94346986e-01  4.63750433e-16
47.100000 -9.53134150e-03  1.96134558e-02  1.96134558e-02  1.00000000e+00  0.00000000e+00
47.200000  1.00920703e-02  2.03339866e-02  2.03339866e-02  3.36616617e-01  2.55934585e-16
47.300000  1.41886778e-02  2.08587321e-02  2.08587321e-02  1.90315184e-01  4.15826683e-16
47.400000  1.59794338e-02  2.11835067e-02  2.11835067e-02  1.40033939e-01  3.27561153e-16
47.500000  1.68675124e-02  2.13060335e-02  2.13060335e-02  1.16272173e-01  5.69935475e-16
47.600000  1.72304342e-02  2.12259586e-02  2.12259586e-02  1.03897536e-01  4.08632540e-16
47.700000  1.72132449e-02  2.09448480e-02  2.09448480e-02  9.77932295e-02  4.14116988e-16
47.800000  1.68850423e-02  2.04661658e-02  2.04661658e-02  9.58770483e-02  5.08563301e-16
47.900000  1.62846072e-02  1.97952348e-02  1.97952348e-02  9.73016347e-02  4.38166935e-16
48.000000  1.54370259e-02  1.89391794e-02  1.89391794e-02  1.01877260e-01  0.00000000e+00
48.100000  1.43606474e-02  1.79068519e-02  1.79068519e-02  1.09900196e-01  5.81249060e-16
48.200000  1.30702269e-02  1.67087424e-02  1.67087424e-02  1.22184064e-01  1.03821307e-15
48.300000  1.15783326e-02  1.53568739e-02  1.53568739e-02  1.40282617e-01  1.07312681e-15
48.400000  9.89583788e-03  1.38646826e-02  1.38646826e-02  1.67035260e-01  6.25590765e-16
48.500000  8.03182275e-03  1.22468859e-02  1.22468859e-02  2.07856587e-01  1.62893001e-15
48.600000  5.99297460e-03  1.05193384e-02  1.05193384e-02  2.74120517e-01  1.64908040e-16
48.700000  3.78241935e-03  8.69887712e-03  8.69887712e-03  3.93906016e-01  1.69506355e-15
48.800000  1.39774330e-03  6.80315893e-03  6.80315893e-03  6.59124505e-01  7.01216833e-16
48.900000 -1.17230968e-03  4.85048976e-03  4.85048976e-03  1.00000000e+00  3.30815916e-15
49.000000 -3.95352036e-03  2.85964885e-03  2.85964885e-03  1.00000000e+00  3.41224397e-15
49.100000 -6.99649717e-03  8.49708751e-04  8.49708751e-04  1.00000000e+00  2.66039573e-14
49.200000 -1.03967175e-02 -1.16014671e-03 -1.16014671e-03  7.99228115e-01  8.03703413e-15
49.300000 -1.43371958e-02 -3.15080496e-03 -3.15080496e-03  6.39660929e-01  1.10113034e-15
49.400000 -1.91907822e-02 -5.10340600e-03 -5.10340600e-03  5.79866101e-01  6.37340341e-15
49.500000 -2.58094176e-02 -6.99952061e-03 -6.99952061e-03  5.73316237e-01  1.54896633e-15
49.600000 -3.65748391e-02 -8.82132402e-03 -8.82132402e-03  6.11362573e-01  1.17990687e-15
49.700000 -6.13815749e-02 -1.05517632e-02 -1.05517632e-02  7.06623842e-01  1.64401290e-16
49.800000 -2.52764870e-01 -1.21747162e-02 -1.21747162e-02  9.08094397e-01  7.12428712e-17
49.900000  8.18535520e-02 -1.36751424e-02 -1.36751424e-02  1.00000000e+00  4.43983105e-16
50.000000  2.63482576e-02 -1.50392215e-02 -1.50392215e-02  1.00000000e+00  1.73019941e-16
50.100000  1.08466826e-02 -1.62544811e-02 -1.62544811e-02  1.00000000e+00  1.06722784e-16
50.200000  3.23968675e-03 -1.73099105e-02 -1.73099105e-02  1.00000000e+00  0.00000000e+00
50.300000 -1.37428167e-03 -1.81960605e-02 -1.81960605e-02  8.59554661e-01  0.00000000e+00
50.400000 -4.46496756e-03 -1.89051280e-02 -1.89051280e-02  6.17890518e-01  3.67037658e-16
50.500000 -6.62420744e-03 -1.94310246e-02 -1.94310246e-02  4.91525739e-01  5.35655790e-16
50.600000 -8.13548268e-03 -1.97694288e-02 -1.97694288e-02  4.16913924e-01  5.26486675e-16
50.700000 -9.15167624e-03 -1.99178209e-02 -1.99178209e-02  3.70358821e-01  1.74188078e-16
50.800000 -9.76311606e-03 -1.98755012e-02 -1.98755012e-02  3.41189504e-01  5.23676901e-16
50.900000 -1.00275175e-02 -1.96435899e-02 -1.96435899e-02  3.24088759e-01  5.29859404e-16
51.000000 -9.98456246e-03 -1.92250112e-02 -1.92250112e-02  3.16350003e-01  1.80465276e-16
51.100000 -9.66355241e-03 -1.86244582e-02 -1.86244582e-02  3.16773982e-01  1.95598673e-15
51.200000 -9.08765302e-03 -1.78483430e-02 -1.78483430e-02  3.25240988e-01  4.85962053e-16
51.300000 -8.27633197e-03 -1.69047293e-02 -1.69047293e-02  3.42654238e-01  5.13088214e-16
51.400000 -7.24677378e-03 -1.58032504e-02 -1.58032504e-02  3.71213347e-01  1.09770043e-16
51.500000 -6.01467357e-03 -1.45550115e-02 -1.45550115e-02  4.15190504e-01  1.31102324e-15
51.600000 -4.59462121e-03 -1.31724790e-02 -1.31724790e-02  4.82794475e-01  7.90158089e-16
51.700000 -3.00018236e-03 -1.16693574e-02 -1.16693574e-02  5.90964351e-01  5.94625192e-16
51.800000 -1.24371659e-03 -1.00604538e-02 -1.00604538e-02  7.79954381e-01  9.48364683e-16
51.900000  6.64081064e-04 -8.36153331e-03 -8.36153331e-03  1.00000000e+00  2.59330946e-15
52.000000  2.71498829e-03 -6.58916503e-03 -6.58916503e-03  1.00000000e+00  1.84288363e-15
52.100000  4.90457614e-03 -4.76056153e-03 -4.76056153e-03  1.00000000e+00  1.54867755e-15
52.200000  7.23436335e-03 -2.89341218e-03 -2.89341218e-03  1.00000000e+00  2.84782672e-15
52.300000  9.71544079e-03 -1.00571264e-03 -1.00571264e-03  1.00000000e+00  4.85119664e-15
52.400000  1.23748832e-02  8.84408012e-04  8.84408012e-04  8.66597996e-01  1.35462748e-14
52.500000  1.52678654e-02  2.75886090e-03  2.75886090e-03  6.93914374e-01  1.57195627e-16
52.600000  1.85025534e-02  4.59977006e-03  4.59977006e-03  6.01791564e-01  2.82849488e-16
52.700000  2.22970650e-02  6.38964253e-03  6.38964253e-03  5.54522420e-01  9.50214686e-16
52.800000  2.71303094e-02  8.11153428e-03  8.11153428e-03  5.39664590e-01  1.06929430e-15
52.900000  3.42364620e-02  9.74921038e-03  9.74921038e-03  5.56709726e-01  1.69038028e-15
53.000000  4.79177717e-02  1.12872978e-02  1.12872978e-02  6.18705022e-01  8.45284607e-16
53.100000  9.98427071e-02  1.27114298e-02  1.27114298e-02  7.74127720e-01  4.09408739e-16
53.200000 -1.21903723e-01  1.40083794e-02  1.40083794e-02  1.00000000e+00  4.33421453e-16
53.300000 -1.78098378e-02  1.51661831e-02  1.51661831e-02  1.00000000e+00  8.57857641e-16
53.400000 -7.07071116e-04  1.61742503e-02  1.61742503e-02  1.00000000e+00  1.07252172e-16
53.500000  6.73669968e-03  1.70234605e-02  1.70234605e-02  4.32941561e-01  2.03803859e-16
53.600000  1.10437829e-02  1.77062459e-02  1.77062459e-02  2.31737610e-01  2.93917212e-16
53.700000  1.38732556e-02  1.82166584e-02  1.82166584e-02  1.35351026e-01  1.90454631e-16
53.800000  1.58403097e-02  1.85504214e-02  1.85504214e-02  7.88035505e-02  3.74055864e-16
53.900000  1.72257684e-02  1.87049654e-02  1.87049654e-02  4.11680145e-02  6.49189351e-16
54.000000  1.81769295e-02  1.86794469e-02  1.86794469e-02  1.36344741e-02  4.64340162e-16
54.100000  1.87797823e-02  1.84747507e-02  1.84747507e-02  8.18776921e-03  9.38969895e-17
54.200000  1.90894229e-02  1.80934763e-02  1.80934763e-02  2.67850695e-02  7.67005055e-16
54.300000  1.91443977e-02  1.75399068e-02  1.75399068e-02  4.37378016e-02  2.96704565e-16
54.400000  1.89740609e-02  1.68199628e-02  1.68199628e-02  6.01803819e-02  2.06269597e-16
54.500000  1.86025978e-02  1.59411402e-02  1.59411402e-02  7.70460227e-02  0.00000000e+00
54.600000  1.80513324e-02  1.49124332e-02  1.49124332e-02  9.52227119e-02  2.32654651e-16
54.700000  1.73400941e-02  1.37442435e-02  1.37442435e-02  1.15680467e-01  8.20394561e-16
54.800000  1.64880443e-02  1.24482755e-02  1.24482755e-02  1.39608936e-01  3.48386303e-16
54.900000  1.55141751e-02  1.10374206e-02  1.10374206e-02  1.68605856e-01  1.17875603e-15
55.000000  1.44376046e-02  9.52562893e-03  9.52562893e-03  2.04979669e-01  9.10555874e-16
55.100000  1.32777412e-02  7.92777281e-03  7.92777281e-03  2.52291380e-01  4.37631985e-16
55.200000  1.20543613e-02  6.25950066e-03  6.25950066e-03  3.16419368e-01  6.92836206e-17
55.300000  1.07876307e-02  4.53708460e-03  4.53708460e-03  4.07873554e-01  3.82343207e-16
55.400000  9.49808965e-03  2.77726219e-03  2.77726219e-03  5.47505892e-01  5.62154748e-15
55.500000  8.20661611e-03  9.97074345e-04  9.97074345e-04  7.83331621e-01  8.80780620e-15
55.600000  6.93437883e-03 -7.86299240e-04 -7.86299240e-04  1.00000000e+00  2.61984754e-15
55.700000  5.70279040e-03 -2.55570544e-03 -2.55570544e-03  1.00000000e+00  5.76950274e-15
55.800000  4.53346947e-03 -4.29418235e-03 -4.29418235e-03  1.00000000e+00  2.52481633e-15
55.900000  3.44822207e-03 -5.98512152e-03 -5.98512152e-03  1.00000000e+00  7.24598269e-17
56.000000  2.46905299e-03 -7.61242639e-03 -7.61242639e-03  1.00000000e+00  1.08243234e-15
56.100000  1.61822078e-03 -9.16066528e-03 -9.16066528e-03  1.00000000e+00  6.62782885e-16
56.200000  9.18353591e-04 -1.06152175e-02 -1.06152175e-02  1.00000000e+00  9.80511313e-16
56.300000  3.92649104e-04 -1.19624113e-02 -1.19624113e-02  1.00000000e+00  7.25072658e-17
56.400000  6.51907444e-05 -1.31896523e-02 -1.31896523e-02  1.00000000e+00  5.26086187e-16
56.500000 -3.85734236e-05 -1.42855410e-02 -1.42855410e-02  9.94614198e-01  6.07160580e-16
56.600000  1.08879256e-04 -1.52399788e-02 -1.52399788e-02  1.00000000e+00  2.27654317e-16
56.700000  5.38190922e-04 -1.60442606e-02 -1.60442606e-02  1.00000000e+00  1.08121123e-16
56.800000  1.28466519e-03 -1.66911545e-02 -1.66911545e-02  1.00000000e+00  3.11792118e-16
56.900000  2.39056712e-03 -1.71749668e-02 -1.71749668e-02  1.00000000e+00  4.04012070e-16
57.000000  3.90861453e-03 -1.74915915e-02 -1.74915915e-02  1.00000000e+00  6.94222955e-16
57.100000  5.90740763e-03 -1.76385449e-02 -1.76385449e-02  1.00000000e+00  1.96696891e-16
57.200000  8.48013843e-03 -1.76149849e-02 -1.76149849e-02  1.00000000e+00  9.84799863e-17
57.300000  1.17591082e-02 -1.74217134e-02 -1.74217134e-02  1.00000000e+00  9.95724951e-17
57.400000  1.59410971e-02 -1.70611638e-02 -1.70611638e-02  1.00000000e+00  5.08383690e-16
57.500000  2.13343632e-02 -1.65373721e-02 -1.65373721e-02  1.00000000e+00  3.14691500e-16
57.600000  2.84523251e-02 -1.58559336e-02 -1.58559336e-02  1.00000000e+00  1.09405319e-15
57.700000  3.82187613e-02 -1.50239440e-02 -1.50239440e-02  1.00000000e+00  3.46391762e-16
57.800000  5.24777880e-02 -1.40499260e-02 -1.40499260e-02  1.00000000e+00  2.46937026e-16
57.900000  7.55106774e-02 -1.29437435e-02 -1.29437435e-02  1.00000000e+00  3.35050575e-16
58.000000  1.20016561e-01 -1.17165018e-02 -1.17165018e-02  1.00000000e+00  1.03640699e-15
58.100000  2.47640639e-01 -1.03804374e-02 -1.03804374e-02  1.00000000e+00  1.33691744e-15
58.200000  6.89694733e+00 -8.94879612e-03 -8.94879612e-03  1.00000000e+00  2.90774891e-16
58.300000 -2.83936968e-01 -7.43570274e-03 -7.43570274e-03  9.48960877e-01  2.09966856e-15
58.400000 -1.40532783e-01 -5.85602200e-03 -5.85602200e-03  9.19993581e-01  2.22171742e-16
58.500000 -9.27271578e-02 -4.22521317e-03 -4.22521317e-03  9.12839405e-01  3.38715897e-15
58.600000 -6.80940440e-02 -2.55917921e-03 -2.55917921e-03  9.27556618e-01  1.94880061e-15
58.700000 -5.26128863e-02 -8.74112115e-04 -8.74112115e-04  9.67314968e-01  1.93494102e-14
58.800000 -4.16817011e-02  8.13664015e-04  8.13664015e-04  1.00000000e+00  1.21923173e-14
58.900000 -3.33520871e-02  2.48785080e-03  2.48785080e-03  1.00000000e+00  1.39455587e-15
59.000000 -2.66625068e-02  4.13233264e-03  4.13233264e-03  1.00000000e+00  2.72865318e-15
59.100000 -2.10874064e-02  5.73133154e-03  5.73133154e-03  1.00000000e+00  1.13502647e-15
59.200000 -1.63180572e-02  7.26955829e-03  7.26955829e-03  1.00000000e+00  0.00000000e+00
59.300000 -1.21632818e-02  8.73235840e-03  8.73235840e-03  1.00000000e+00  0.00000000e+00
59.400000 -8.49991182e-03  1.01058516e-02  1.01058516e-02  1.00000000e+00  4.29138372e-16
59.500000 -5.24612139e-03  1.13770632e-02  1.13770632e-02  1.00000000e+00  3.81188765e-16
59.600000 -2.34617421e-03  1.25340470e-02  1.25340470e-02  1.00000000e+00  6.92004533e-16
59.700000  2.38751853e-04  1.35659970e-02  1.35659970e-02  9.65410185e-01  6.39364538e-16
59.800000  2.53632207e-03  1.44633482e-02  1.44633482e-02  7.01603380e-01  3.59817821e-16
59.900000  4.56678907e-03  1.52178656e-02  1.52178656e-02  5.38350388e-01  2.27985123e-16
60.000000  6.34550306e-03  1.58227194e-02  1.58227194e-02  4.27513589e-01  3.28904931e-16
60.100000  7.88463812e-03  1.62725467e-02  1.62725467e-02  3.47222106e-01  3.19812904e-16
60.200000  9.19440406e-03  1.65634990e-02  1.65634990e-02  2.86090639e-01  5.23658520e-16
60.300000  1.02839105e-02  1.66932746e-02  1.66932746e-02  2.37584612e-01  3.11752520e-16
60.400000  1.11617893e-02  1.66611364e-02  1.66611364e-02  1.97655241e-01  5.20589782e-16
60.500000  1.18366439e-02  1.64679143e-02  1.64679143e-02  1.63622775e-01  1.05339599e-16
60.600000  1.23173722e-02  1.61159922e-02  1.61159922e-02  1.33597274e-01  1.07639881e-15
60.700000  1.26133944e-02  1.56092807e-02  1.56092807e-02  1.06151749e-01  1.66701161e-16
60.800000  1.27348077e-02  1.49531748e-02  1.49531748e-02  8.01202147e-02  4.64041516e-16
60.900000  1.26924834e-02  1.41544968e-02  1.41544968e-02  5.44572783e-02  7.96616279e-16
61.000000  1.24981182e-02  1.32214267e-02  1.32214267e-02  2.81229146e-02  6.56027338e-16
61.100000  1.21642486e-02  1.21634188e-02  1.21634188e-02  3.41070236e-05  1.14094466e-15
61.200000  1.17042342e-02  1.09911066e-02  1.09911066e-02  3.14217611e-02  7.89148687e-16
61.300000  1.11322162e-02  9.71619656e-03  9.71619656e-03  6.79197812e-02  4.46348390e-16
61.400000  1.04630545e-02  8.35135153e-03  8.35135153e-03  1.12238618e-01  1.45402385e-15
61.500000  9.71224808e-03  6.91006579e-03  6.91006579e-03  1.68579556e-01  1.50625785e-15
61.600000  8.89584136e-03  5.40653188e-03  5.40653188e-03  2.43967167e-01  1.52407064e-15
61.700000  8.03031904e-03  3.85550136e-03  3.85550136e-03  3.51243544e-01  0.00000000e+00
61.800000  7.13249301e-03  2.27214046e-03  2.27214046e-03  5.16804037e-01  4.10368058e-15
61.900000  6.21938324e-03  6.71882156e-04  6.71882156e-04  8.05004707e-01  7.10018790e-15
62.000000  5.30809520e-03 -9.29723914e-04 -9.29723914e-04  1.00000000e+00  9.97062508e-15
62.100000  4.41569640e-03 -2.51716224e-03 -2.51716224e-03  1.00000000e+00  3.53193675e-15
62.200000  3.55909410e-03 -4.07510146e-03 -4.07510146e-03  1.00000000e+00  2.23486417e-15
62.300000  2.75491704e-03 -5.58854222e-03 -5.58854222e-03  1.00000000e+00  1.55203576e-15
62.400000  2.01940327e-03 -7.04296132e-03 -7.04296132e-03  1.00000000e+00  1.04680041e-15
62.500000  1.36829701e-03 -8.42445093e-03 -8.42445093e-03  1.00000000e+00  1.02957658e-16
62.600000  8.16757275e-04 -9.71985142e-03 -9.71985142e-03  1.00000000e+00  0.00000000e+00
62.700000  3.79281388e-04 -1.09168766e-02 -1.09168766e-02  1.00000000e+00  3.97257280e-16
62.800000  6.96470725e-05 -1.20042300e-02 -1.20042300e-02  1.00000000e+00  5.78037403e-16
62.900000 -9.91227107e-05 -1.29717115e-02 -1.29717115e-02  9.84832994e-01  4.01193814e-16
63.000000 -1.14766939e-04 -1.38103132e-02 -1.38103132e-02  9.83516513e-01  1.25610727e-16
63.100000  3.42408393e-05 -1.45123025e-02 -1.45123025e-02  1.00000000e+00  7.76975440e-16
63.200000  3.58762972e-04 -1.50712939e-02 -1.50712939e-02  1.00000000e+00  1.15101165e-16
63.300000  8.69122810e-04 -1.54823068e-02 -1.54823068e-02  1.00000000e+00  7.28296033e-16
63.400000  1.57530039e-03 -1.57418096e-02 -1.57418096e-02  1.00000000e+00  1.10198479e-16
63.500000  2.48722136e-03 -1.58477499e-02 -1.58477499e-02  1.00000000e+00  7.66232710e-16
63.600000  3.61517207e-03 -1.57995699e-02 -1.57995699e-02  1.00000000e+00  3.29386842e-16
63.700000  4.97039004e-03 -1.55982077e-02 -1.55982077e-02  1.00000000e+00  7.78491000e-16
63.800000  6.56590508e-03 -1.52460839e-02 -1.52460839e-02  1.00000000e+00  1.02403419e-15
63.900000  8.41774904e-03 -1.47470738e-02 -1.47470738e-02  1.00000000e+00  5.88158539e-16
64.000000  1.05467251e-02 -1.41064656e-02 -1.41064656e-02  1.00000000e+00  6.14868220e-17
64.100000  1.29810551e-02 -1.33309052e-02 -1.33309052e-02  1.00000000e+00  4.55447854e-16
64.200000  1.57604547e-02 -1.24283280e-02 -1.24283280e-02  1.00000000e+00  1.04683640e-15
64.300000  1.89426283e-02 -1.14078780e-02 -1.14078780e-02  1.00000000e+00  8.36350030e-16
64.400000  2.26140597e-02 -1.02798159e-02 -1.02798159e-02  1.00000000e+00  6.75001765e-16
64.500000  2.69088520e-02 -9.05541644e-03 -9.05541644e-03  1.00000000e+00  1.05362124e-15
64.600000  3.20436754e-02 -7.74685583e-03 -7.74685583e-03  1.00000000e+00  5.59815334e-16
64.700000  3.83876565e-02 -6.36709151e-03 -6.36709151e-03  1.00000000e+00  1.02169303e-15
64.800000  4.66162762e-02 -4.92973400e-03 -4.92973400e-03  1.00000000e+00  2.63917405e-15
64.900000  5.80968980e-02 -3.44891307e-03 -3.44891307e-03  1.00000000e+00  4.58966388e-15
65.000000  7.60494173e-02 -1.93913917e-03 -1.93913917e-03  1.00000000e+00  7.77170119e-15
65.100000  1.10217857e-01 -4.15161584e-04 -4.15161584e-04  1.00000000e+00  4.61585901e-14
65.200000  2.10048344e-01  1.10817540e-03  1.10817540e-03  9.89503754e-01  2.93510081e-15
65.300000 -1.13823421e+01  2.61607681e-03  2.61607681e-03  1.00000000e+00  1.98930338e-15
65.400000 -1.68446121e-01  4.09394042e-03  4.09394042e-03  1.00000000e+00  2.22458007e-15
65.500000 -7.35401549e-02  5.52749797e-03  5.52749797e-03  1.00000000e+00  7.84588021e-16
65.600000 -4.04626388e-02  6.90295273e-03  6.90295273e-03  1.00000000e+00  2.51301659e-15
65.700000 -2.31014873e-02  8.20711211e-03  8.20711211e-03  1.00000000e+00  1.37389406e-15
65.800000 -1.21212780e-02  9.42751405e-03  9.42751405e-03  1.00000000e+00  9.20032294e-16
65.900000 -4.40065955e-03  1.05525460e-02  1.05525460e-02  1.00000000e+00  1.31511275e-15
66.000000  1.39638507e-03  1.15715552e-02  1.15715552e-02  7.84640422e-01  1.12434550e-15
66.100000  5.93473919e-03  1.24749498e-02  1.24749498e-02  3.55259158e-01  1.04292412e-15
66.200000  9.58099024e-03  1.32542885e-02  1.32542885e-02  1.60860670e-01  1.04704133e-15
66.300000  1.25529826e-02  1.39023598e-02  1.39023598e-02  5.10058487e-02  1.06062207e-15
66.400000  1.49879515e-02  1.44132484e-02  1.44132484e-02  1.95469256e-02  1.08320559e-15
66.500000  1.69766589e-02  1.47823893e-02  1.47823893e-02  6.90911640e-02  8.80130118e-16
66.600000  1.85818068e-02  1.50066081e-02  1.50066081e-02  1.06441423e-01  1.21377171e-15
66.700000  1.98485726e-02  1.50841482e-02  1.50841482e-02  1.36388585e-01  1.72504617e-16
66.800000  2.08109328e-02  1.50146839e-02  1.50146839e-02  1.61790626e-01  8.08745921e-16
66.900000  2.14956094e-02  1.47993194e-02  1.47993194e-02  1.84496575e-01  8.79123273e-16
67.000000  2.19246110e-02  1.44405745e-02  1.44405745e-02  2.05802236e-01  7.80834766e-16
67.100000  2.21169094e-02  1.39423560e-02  1.39423560e-02  2.26697725e-01  1.43084282e-15
67.200000  2.20895659e-02  1.33099159e-02  1.33099159e-02  2.48016341e-01  1.62916457e-15
67.300000  2.18584941e-02  1.25497967e-02  1.25497967e-02  2.70536464e-01  5.52908868e-16
67.400000  2.14389779e-02  1.16697641e-02  1.16697641e-02  2.95064480e-01  7.43255586e-17
67.500000  2.08460189e-02  1.06787284e-02  1.06787284e-02  3.22517748e-01  1.29957307e-15
67.600000  2.00945616e-02  9.58665444e-03  9.58665444e-03  3.54025494e-01  9.95235530e-16
67.700000  1.91996305e-02  8.40446207e-03  8.40446207e-03  3.91071303e-01  9.28822758e-16
67.800000  1.81764020e-02  7.14391719e-03  7.14391719e-03  4.35716657e-01  4.24944187e-16
67.900000  1.70402266e-02  5.81751505e-03  5.81751505e-03  4.90980767e-01  3.28008747e-15
68.000000  1.58066138e-02  4.43835672e-03  4.43835672e-03  5.61534880e-01  3.51763327e-15
68.100000  1.44911892e-02  3.02002003e-03  3.02002003e-03  6.55075788e-01  3.87725358e-15
68.200000  1.31096287e-02  1.57642614e-03  1.57642614e-03  7.85316593e-01  8.04678702e-15
68.300000  1.16775773e-02  1.21703232e-04  1.21703232e-04  9.79371076e-01  3.65251509e-14
68.400000  1.02105553e-02 -1.32995157e-03 -1.32995157e-03  1.00000000e+00  2.44565787e-16
68.500000  8.72385673e-03 -2.76441048e-03 -2.76441048e-03  1.00000000e+00  1.56880055e-15
68.600000  7.23244160e-03 -4.16775237e-03 -4.16775237e-03  1.00000000e+00  1.14461924e-15
68.700000  5.75082607e-03 -5.52639767e-03 -5.52639767e-03  1.00000000e+00  2.11880943e-15
68.800000  4.29297191e-03 -6.82723961e-03 -6.82723961e-03  1.00000000e+00  4.44654978e-16
68.900000  2.87217774e-03 -8.05777054e-03 -8.05777054e-03  1.00000000e+00  9.68786044e-16
69.000000  1.50097360e-03 -9.20620201e-03 -9.20620201e-03  1.00000000e+00  1.88429873e-16
69.100000  1.91020718e-04 -1.02615776e-02 -1.02615776e-02  1.00000000e+00  1.01430221e-15
69.200000 -1.04698221e-03 -1.12138775e-02 -1.12138775e-02  8.29215531e-01  3.09388697e-16
69.300000 -2.20338489e-03 -1.20541133e-02 -1.20541133e-02  6.90915634e-01  4.31733990e-16
69.400000 -3.26966226e-03 -1.27744128e-02 -1.27744128e-02  5.92414989e-01  6.78983644e-17
69.500000 -4.23848137e-03 -1.33680940e-02 -1.33680940e-02  5.18534265e-01  3.24414887e-16
69.600000 -5.10375740e-03 -1.38297263e-02 -1.38297263e-02  4.60874980e-01  8.15323624e-16
69.700000 -5.86069817e-03 -1.41551810e-02 -1.41551810e-02  4.14395129e-01  6.12752135e-16
69.800000 -6.50583649e-03 -1.43416671e-02 -1.43416671e-02  3.75864217e-01  5.44306014e-16
69.900000 -7.03705004e-03 -1.43877555e-02 -1.43877555e-02  3.43093216e-01  1.62768731e-15
70.000000 -7.45356852e-03 -1.42933890e-02 -1.42933890e-02  3.14518502e-01  3.64096326e-16
70.100000 -7.75596786e-03 -1.40598796e-02 -1.40598796e-02  2.88960205e-01  5.55214970e-16
70.200000 -7.94615151e-03 -1.36898916e-02 -1.36898916e-02  2.65470912e-01  1.14044083e-15
70.300000 -8.02731913e-03 -1.31874123e-02 -1.31874123e-02  2.43231605e-01  1.11812304e-15
70.400000 -8.00392277e-03 -1.25577097e-02 -1.25577097e-02  2.21470107e-01  5.52560463e-16
70.500000 -7.88161103e-03 -1.18072777e-02 -1.18072777e-02  1.99384877e-01  2.93839702e-16
70.600000 -7.66716183e-03 -1.09437694e-02 -1.09437694e-02  1.76058228e-01  1.18884322e-15
70.700000 -7.36840436e-03 -9.97591992e-03 -9.97591992e-03  1.50338262e-01  1.73891079e-15
70.800000 -6.99413095e-03 -8.91345792e-03 -8.91345792e-03  1.20654801e-01  6.81164619e-16
70.900000 -6.55399990e-03 -7.76700843e-03 -7.76700843e-03  8.47013349e-02  2.23345126e-16
71.000000 -6.05843011e-03 -6.54798685e-03 -6.54798685e-03  3.88339322e-02  1.78824175e-15
71.100000 -5.51848854e-03 -5.26848562e-03 -5.26848562e-03  2.31763713e-02  2.88106137e-15
71.200000 -4.94577178e-03 -3.94115451e-03 -3.94115451e-03  1.13044402e-01  3.96140553e-15
71.300000 -4.35228277e-03 -2.57907585e-03 -2.57907585e-03  2.55823861e-01  6.30575972e-15
71.400000 -3.75030404e-03 -1.19563585e-03 -1.19563585e-03  5.16518246e-01  9.06799654e-15
71.500000 -3.15226862e-03  1.95606743e-04  1.95606743e-04  1.00000000e+00  1.00254759e-13
71.600000 -2.57063010e-03  1.58105329e-03  1.58105329e-03  1.00000000e+00  4.86880199e-15
71.700000 -2.01773301e-03  2.94719803e-03  2.94719803e-03  1.00000000e+00  7.28393641e-15
71.800000 -1.50568502e-03  4.28075949e-03  4.28075949e-03  1.00000000e+00  1.62094925e-15
71.900000 -1.04623214e-03  5.56880952e-03  5.56880952e-03  1.00000000e+00  2.25842618e-15
72.000000 -6.50638382e-04  6.79889844e-03  6.79889844e-03  1.00000000e+00  1.78603408e-15
72.100000 -3.29571147e-04  7.95917523e-03  7.95917523e-03  1.00000000e+00  1.30771601e-15
72.200000 -9.29935747e-05  9.03850162e-03  9.03850162e-03  1.00000000e+00  1.34348201e-15
72.300000  4.99348058e-05  1.00265589e-02  1.00265589e-02  9.90088853e-01  1.03807706e-15
72.400000  9.09479460e-05  1.09139466e-02  1.09139466e-02  9.83471364e-01  1.19209179e-15
72.500000  2.27524403e-05  1.16922714e-02  1.16922714e-02  9.96115682e-01  1.48364968e-16
72.600000 -1.60905216e-04  1.23542271e-02  1.23542271e-02  1.00000000e+00  4.91453824e-16
72.700000 -4.65184484e-04  1.28936627e-02  1.28936627e-02  1.00000000e+00  4.70892741e-16
72.800000 -8.94111013e-04  1.33056394e-02  1.33056394e-02  1.00000000e+00  5.86687750e-16
72.900000 -1.45055260e-03  1.35864759e-02  1.35864759e-02  1.00000000e+00  1.14912148e-15
73.000000 -2.13621239e-03  1.37337811e-02  1.37337811e-02  1.00000000e+00  1.57888372e-15
73.100000 -2.95164120e-03  1.37464739e-02  1.37464739e-02  1.00000000e+00  4.41679241e-16
73.200000 -3.89627117e-03  1.36247907e-02  1.36247907e-02  1.00000000e+00  6.36605549e-17
73.300000 -4.96847388e-03  1.33702795e-02  1.33702795e-02  1.00000000e+00  1.10283032e-15
73.400000 -6.16564713e-03  1.29857815e-02  1.29857815e-02  1.00000000e+00  2.67172751e-16
73.500000 -7.48433641e-03  1.24754000e-02  1.24754000e-02  1.00000000e+00  4.86680360e-16
73.600000 -8.92040011e-03  1.18444574e-02  1.18444574e-02  1.00000000e+00  3.66146675e-16
73.700000 -1.04692320e-02  1.10994397e-02  1.10994397e-02  1.00000000e+00  7.03301776e-16
73.800000 -1.21260621e-02  1.02479305e-02  1.02479305e-02  1.00000000e+00  7.61739716e-16
73.900000 -1.38863708e-02  9.29853399e-03  9.29853399e-03  1.00000000e+00  2.23870577e-15
74.000000 -1.57464699e-02  8.26078851e-03  8.26078851e-03  1.00000000e+00  2.20494647e-15
74.100000 -1.77043489e-02  7.14507080e-03  7.14507080e-03  1.00000000e+00  1.39601975e-15
74.200000 -1.97609496e-02  5.96249268e-03  5.96249268e-03  1.00000000e+00  1.81837066e-15
74.300000 -2.19221801e-02  4.72479055e-03  4.72479055e-03  1.00000000e+00  9.17883797e-16
74.400000 -2.42022589e-02  3.44420923e-03  3.44420923e-03  1.00000000e+00  3.39973058e-15
74.500000 -2.66296122e-02  2.13338102e-03  2.13338102e-03  1.00000000e+00  3.04925045e-16
74.600000 -2.92580273e-02  8.05201299e-04  8.05201299e-04  1.00000000e+00  1.43402068e-14
74.700000 -3.21896323e-02 -5.27298126e-04 -5.27298126e-04  9.67766039e-01  1.02807323e-15
74.800000 -3.56277204e-02 -1.85107669e-03 -1.85107669e-03  9.01220058e-01  4.45142902e-15
74.900000 -4.00175390e-02 -3.15321254e-03 -3.15321254e-03  8.53919034e-01  1.37536199e-15
75.000000 -4.65124153e-02 -4.42102850e-03 -4.42102850e-03  8.26399781e-01  2.35428042e-15
75.100000 -5.91938535e-02 -5.64221536e-03 -5.64221536e-03  8.25954428e-01  7.68635795e-16
75.200000 -1.09712555e-01 -6.80495125e-03 -6.80495125e-03  8.83194355e-01  2.10309643e-15
75.300000  8.22935899e-02 -7.89801597e-03 -7.89801597e-03  1.00000000e+00  8.78561645e-16
75.400000 -4.42371714e-04 -8.91089919e-03 -8.91089919e-03  9.05408125e-01  1.36272043e-15
75.500000 -1.51797905e-02 -9.83390137e-03 -9.83390137e-03  2.13718517e-01  8.82011834e-16
75.600000 -2.16906476e-02 -1.06582266e-02 -1.06582266e-02  3.41044975e-01  5.69656885e-16
75.700000 -2.54746289e-02 -1.13760663e-02 -1.13760663e-02  3.82586067e-01  1.52488868e-16
75.800000 -2.79572937e-02 -1.19806732e-02 -1.19806732e-02  4.00035898e-01  1.59272838e-15
75.900000 -2.96710111e-02 -1.24664246e-02 -1.24664246e-02  4.08296950e-01  7.65334039e-16
76.000000 -3.08588617e-02 -1.28288745e-02 -1.28288745e-02  4.12701337e-01  5.40880954e-16
76.100000 -3.16475110e-02 -1.30647944e-02 -1.30647944e-02  4.15606319e-01  4.64724664e-16
76.200000 -3.21098222e-02 -1.31722014e-02 -1.31722014e-02  4.18214985e-01  6.58478953e-16
76.300000 -3.22913711e-02 -1.31503751e-02 -1.31503751e-02  4.21220521e-01  4.61700303e-16
76.400000 -3.22230095e-02 -1.29998611e-02 -1.29998611e-02  4.25075810e-01  2.66883385e-16
76.500000 -3.19273416e-02 -1.27224628e-02 -1.27224628e-02  4.30122349e-01  6.81756158e-16
76.600000 -3.14222858e-02 -1.23212204e-02 -1.23212204e-02  4.36660594e-01  7.74353418e-16
76.700000 -3.07231317e-02 -1.18003783e-02 -1.18003783e-02  4.44995097e-01  1.10254314e-15
76.800000 -2.98437717e-02 -1.11653405e-02 -1.11653405e-02  4.55470263e-01  9.32200931e-16
76.900000 -2.87974528e-02 -1.04226153e-02 -1.04226153e-02  4.68506007e-01  1.66438406e-15
77.000000 -2.75972405e-02 -9.57974824e-03 -9.57974824e-03  4.84640980e-01  4.52705915e-16
77.100000 -2.62562971e-02 -8.64524621e-03 -8.64524621e-03  5.04592326e-01  1.00328171e-15
77.200000 -2.47880423e-02 -7.62849178e-03 -7.62849178e-03  5.29345625e-01  2.27400583e-16
77.300000 -2.32062302e-02 -6.53964917e-03 -6.53964917e-03  5.60298817e-01  4.64209318e-16
77.400000 -2.15249716e-02 -5.38956297e-03 -5.38956297e-03  5.99505394e-01  3.21867188e-16
77.500000 -1.97587150e-02 -4.18965027e-03 -4.18965027e-03  6.50109706e-01  1.96673612e-15
77.600000 -1.79221981e-02 -2.95178763e-03 -2.95178763e-03  7.17180258e-01  5.87685733e-16
77.700000 -1.60303791e-02 -1.68819364e-03 -1.68819364e-03  8.09443609e-01  3.91757977e-15
77.800000 -1.40983513e-02 -4.11308560e-04 -4.11308560e-04  9.43305554e-01  9.42363748e-15
77.900000 -1.21412468e-02  8.66328008e-04  8.66328008e-04  1.00000000e+00  1.18265951e-14
78.000000 -1.01741337e-02  2.13220010e-03  2.13220010e-03  1.00000000e+00  3.25433524e-15
78.100000 -8.21190651e-03  3.37393784e-03  3.37393784e-03  1.00000000e+00  3.98469314e-15
78.200000 -6.26917619e-03  4.57943819e-03  4.57943819e-03  1.00000000e+00  2.17814054e-15
78.300000 -4.36015835e-03  5.73698281e-03  5.73698281e-03  1.00000000e+00  3.02375575e-16
78.400000 -2.49856388e-03  6.83535181e-03  6.83535181e-03  1.00000000e+00  1.71306229e-15
78.500000 -6.97492239e-04  7.86393247e-03  7.86393247e-03  1.00000000e+00  0.00000000e+00
78.600000  1.03067054e-03  8.81282160e-03  8.81282160e-03  7.90588437e-01  1.96840870e-16
78.700000  2.67434802e-03  9.67292091e-03  9.67292091e-03  5.66811408e-01  1.88305029e-15
78.800000  4.22286258e-03  1.04360241e-02  1.04360241e-02  4.23849481e-01  1.16357190e-15
78.900000  5.66651656e-03  1.10948951e-02  1.10948951e-02  3.23861655e-01  2.34529953e-16
79.000000  6.99666451e-03  1.16433365e-02  1.16433365e-02  2.49284965e-01  5.21459820e-16
79.100000  8.20577575e-03  1.20762482e-02  1.20762482e-02  1.90832652e-01  1.07735663e-15
79.200000  9.28748651e-03  1.23896739e-02  1.23896739e-02  1.43108570e-01  8.40081902e-16
79.300000  1.02366413e-02  1.25808382e-02  1.25808382e-02  1.02736890e-01  3.44715401e-16
79.400000  1.10493229e-02  1.26481699e-02  1.26481699e-02  6.74690362e-02  6.85760661e-16
79.500000  1.17228709e-02  1.25913154e-02  1.25913154e-02  3.57176045e-02  1.37771426e-16
79.600000  1.22558882e-02  1.24111386e-02  1.24111386e-02  6.29384159e-03  2.09657252e-16
79.700000  1.26482363e-02  1.21097099e-02  1.21097099e-02  2.17516590e-02  6.44627799e-16
79.800000  1.29010184e-02  1.16902831e-02  1.16902831e-02  4.92342919e-02  6.67755911e-16
79.900000  1.30165514e-02  1.11572604e-02  1.11572604e-02  7.69134368e-02  4.66438016e-16
80.000000  1.29983265e-02  1.05161470e-02  1.05161470e-02  1.05559646e-01  2.47437129e-16
80.100000  1.28509592e-02  9.77349385e-03  9.77349385e-03  1.36023857e-01  5.32477997e-16
80.200000  1.25801295e-02  8.93683181e-03  8.93683181e-03  1.69322129e-01  1.55287557e-15
80.300000  1.21925118e-02  8.01459496e-03  8.01459496e-03  2.06754826e-01  2.16445558e-16
80.400000  1.16956967e-02  7.01603599e-03  7.01603599e-03  2.50092322e-01  1.35988172e-15
80.500000  1.10981044e-02  5.95113361e-03  5.95113361e-03  3.01888613e-01  1.53034680e-15
80.600000  1.04088917e-02  4.83049303e-03  4.83049303e-03  3.66051435e-01  1.61603704e-15
80.700000  9.63785156e-03  3.66524051e-03  3.66524051e-03  4.48964122e-01  7.09935735e-16
80.800000  8.79530918e-03  2.46691311e-03  2.46691311e-03  5.61913618e-01  3.51598010e-15
80.900000  7.89201273e-03  1.24734461e-03  1.24734461e-03  7.27038879e-01  1.42550146e-14
81.000000  6.93902186e-03  1.85488529e-05  1.85488529e-05  9.94668009e-01  8.06626159e-13
81.100000  5.94759409e-03 -1.20739850e-03 -1.20739850e-03  1.00000000e+00  9.87762025e-15
81.200000  4.92907066e-03 -2.41847848e-03 -2.41847848e-03  1.00000000e+00  2.51047599e-15
81.300000  3.89476270e-03 -3.60284649e-03 -3.60284649e-03  1.00000000e+00  3.00929328e-16
81.400000  2.85583911e-03 -4.74894807e-03 -4.74894807e-03  1.00000000e+00  3.10492962e-15
81.500000  1.82321705e-03 -5.84563148e-03 -5.84563148e-03  1.00000000e+00  2.29985537e-15
81.600000  8.07456214e-04 -6.88225611e-03 -6.88225611e-03  1.00000000e+00  6.93157808e-16
81.700000 -1.81342095e-04 -7.84879567e-03 -7.84879567e-03  9.54834624e-01  0.00000000e+00
81.800000 -1.13363009e-03 -8.73593503e-03 -8.73593503e-03  7.70277601e-01  8.93579864e-16
81.900000 -2.04050193e-03 -9.53515996e-03 -9.53515996e-03  6.47449632e-01  7.27716571e-16
82.000000 -2.89377461e-03 -1.02388387e-02 -1.02388387e-02  5.59299503e-01  6.77703213e-16
82.100000 -3.68606053e-03 -1.08402950e-02 -1.08402950e-02  4.92500300e-01  8.00127432e-17
82.200000 -4.41083100e-03 -1.13338709e-02 -1.13338709e-02  4.39706001e-01  1.30098090e-15
82.300000 -5.06247022e-03 -1.17149805e-02 -1.17149805e-02  3.96514966e-01  1.33269631e-15
82.400000 -5.63631912e-03 -1.19801520e-02 -1.19801520e-02  3.60108041e-01  3.61999470e-16
82.500000 -6.12870871e-03 -1.21270594e-02 -1.21270594e-02  3.28572901e-01  6.43705567e-16
82.600000 -6.53698272e-03 -1.21545425e-02 -1.21545425e-02  3.00540470e-01  7.13611178e-17
82.700000 -6.85950921e-03 -1.20626158e-02 -1.20626158e-02  2.74974750e-01  7.19049460e-17
82.800000 -7.09568126e-03 -1.18524656e-02 -1.18524656e-02  2.51042194e-01  4.39079141e-16
82.900000 -7.24590666e-03 -1.15264357e-02 -1.15264357e-02  2.28023170e-01  7.52497792e-17
83.000000 -7.31158676e-03 -1.10880014e-02 -1.10880014e-02  2.05244520e-01  1.01692832e-15
83.100000 -7.29508491e-03 -1.05417335e-02 -1.05417335e-02  1.82019489e-01  3.29115412e-16
83.200000 -7.19968457e-03 -9.89325023e-03 -9.89325023e-03  1.57583569e-01  1.05206485e-15
83.300000 -7.02953785e-03 -9.14916022e-03 -9.14916022e-03  1.31013160e-01  6.63616334e-16
83.400000 -6.78960490e-03 -8.31699513e-03 -8.31699513e-03  1.01107478e-01  8.34302990e-16
83.500000 -6.48558475e-03 -7.40513373e-03 -7.40513373e-03  6.61988056e-02  2.34259574e-16
83.600000 -6.12383854e-03 -6.42271769e-03 -6.42271769e-03  2.38216083e-02  1.08036726e-15
83.700000 -5.71130574e-03 -5.37956019e-03 -5.37956019e-03  2.99116002e-02  1.61232834e-16
83.800000 -5.25541438e-03 -4.28604802e-03 -4.28604802e-03  1.01595156e-01  1.01184323e-15
83.900000 -4.76398619e-03 -3.15303835e-03 -3.15303835e-03  2.03478950e-01  2.33824456e-15
84.000000 -4.24513761e-03 -1.99175110e-03 -1.99175110e-03  3.61299779e-01  3.59268502e-15
84.100000 -3.70717777e-03 -8.13657969e-04 -8.13657969e-04  6.40040905e-01  1.69227957e-14
84.200000 -3.15850435e-03  3.69630727e-04  3.69630727e-04  1.00000000e+00  3.46118023e-14
84.300000 -2.60749859e-03  1.54648036e-03  1.54648036e-03  1.00000000e+00  9.81508125e-16
84.400000 -2.06242035e-03  2.70534627e-03  2.70534627e-03  1.00000000e+00  9.61830743e-16
84.500000 -1.53130436e-03  3.83488687e-03  3.83488687e-03  1.00000000e+00  7.35074004e-16
84.600000 -1.02185868e-03  4.92407458e-03  4.92407458e-03  1.00000000e+00  1.49725083e-15
84.700000 -5.41366486e-04  5.96230337e-03  5.96230337e-03  1.00000000e+00  6.54634221e-16
84.800000 -9.65919824e-05  6.93949194e-03  6.93949194e-03  1.00000000e+00  1.62485996e-15
84.900000  3.06308448e-04  7.84618155e-03  7.84618155e-03  9.24855241e-01  1.54763999e-15
85.000000  6.61869104e-04  8.67362751e-03  8.67362751e-03  8.58203772e-01  1.09999871e-15
85.100000  9.65390994e-04  9.41388342e-03  9.41388342e-03  8.13977171e-01  3.68545774e-16
85.200000  1.21301032e-03  1.00598774e-02  1.00598774e-02  7.84791555e-01  3.44879644e-16
85.300000  1.40175880e-03  1.06054798e-02  1.06054798e-02  7.66514375e-01  1.47211740e-15
85.400000  1.52961528e-03  1.10455608e-02  1.10455608e-02  7.56724633e-01  1.02083569e-15
85.500000  1.59554827e-03  1.13760390e-02  1.13760390e-02  7.53993365e-01  1.29615849e-15
85.600000  1.59954901e-03  1.15939193e-02  1.15939193e-02  7.57524106e-01  7.48117798e-16
85.700000  1.54265497e-03  1.16973192e-02  1.16973192e-02  7.66970095e-01  8.15655188e-16
85.800000  1.42696367e-03  1.16854856e-02  1.16854856e-02  7.82349791e-01  9.64932307e-16
85.900000  1.25563695e-03  1.15587991e-02  1.15587991e-02  8.04027748e-01  3.00156349e-16
86.000000  1.03289589e-03  1.13187682e-02  1.13187682e-02  8.32751945e-01  5.36412804e-16
86.100000  7.64006767e-04  1.09680114e-02  1.09680114e-02  8.69756975e-01  3.95405194e-16
86.200000  4.55258590e-04  1.05102298e-02  1.05102298e-02  9.16965196e-01  9.90305734e-16
86.300000  1.13933014e-04  9.95016765e-03  9.95016765e-03  9.77358530e-01  8.71705652e-16
86.400000 -2.51732559e-04  9.29356372e-03  9.29356372e-03  1.00000000e+00  1.30661011e-15
86.500000 -6.32587477e-04  8.54709273e-03  8.54709273e-03  1.00000000e+00  1.11628356e-15
86.600000 -1.01861458e-03  7.71829765e-03  7.71829765e-03  1.00000000e+00  6.18075355e-16
86.700000 -1.39897951e-03  6.81551367e-03  6.81551367e-03  1.00000000e+00  2.35436285e-15
86.800000 -1.76208064e-03  5.84778454e-03  5.84778454e-03  1.00000000e+00  1.03826195e-15
86.900000 -2.09559717e-03  4.82477219e-03  4.82477219e-03  1.00000000e+00  1.34829434e-15
87.000000 -2.38653251e-03  3.75666036e-03  3.75666036e-03  1.00000000e+00  2.07797749e-15
87.100000 -2.62124942e-03  2.65405341e-03  2.65405341e-03  1.00000000e+00  1.38892736e-15
87.200000 -2.78549256e-03  1.52787117e-03  1.52787117e-03  1.00000000e+00  1.11409747e-14
87.300000 -2.86439278e-03  3.89240942e-04  3.89240942e-04  1.00000000e+00  3.02915171e-14
87.400000 -2.84244643e-03 -7.50612360e-04 -7.50612360e-04  5.82187543e-01  5.77769421e-16
87.500000 -2.70346022e-03 -1.88047671e-03 -1.88047671e-03  1.79536395e-01  2.24857264e-15
87.600000 -2.43044988e-03 -2.98926317e-03 -2.98926317e-03  1.03107540e-01  2.61143138e-15
87.700000 -2.00547611e-03 -4.06611460e-03 -4.06611460e-03  3.39390217e-01  3.09306216e-15
87.800000 -1.40939554e-03 -5.10051192e-03 -5.10051192e-03  5.66999823e-01  7.65242368e-16
87.900000 -6.21495213e-04 -6.08237674e-03 -6.08237674e-03  8.14586192e-01  5.70409743e-16
88.000000  3.81034581e-04 -7.00216948e-03 -7.00216948e-03  1.00000000e+00  9.90963432e-16
88.100000  1.62385510e-03 -7.85098202e-03 -7.85098202e-03  1.00000000e+00  0.00000000e+00
88.200000  3.13656066e-03 -8.62062386e-03 -8.62062386e-03  1.00000000e+00  1.60983567e-15
88.300000  4.95423898e-03 -9.30370111e-03 -9.30370111e-03  1.00000000e+00  6.52593209e-16
88.400000  7.11974988e-03 -9.89368749e-03 -9.89368749e-03  1.00000000e+00  7.01345571e-16
88.500000  9.68711172e-03 -1.03849866e-02 -1.03849866e-02  1.00000000e+00  1.08576959e-15
88.600000  1.27266480e-02 -1.07729848e-02 -1.07729848e-02  1.00000000e+00  5.63588667e-16
88.700000  1.63330306e-02 -1.10540949e-02 -1.10540949e-02  1.00000000e+00  1.09851277e-15
88.800000  2.06382829e-02 -1.12257885e-02 -1.12257885e-02  1.00000000e+00  7.72651060e-17
88.900000  2.58336871e-02 -1.12866193e-02 -1.12866193e-02  1.00000000e+00  3.07394701e-16
89.000000  3.22085845e-02 -1.12362344e-02 -1.12362344e-02  1.00000000e+00  3.08773101e-16
89.100000  4.02234799e-02 -1.10753760e-02 -1.10753760e-02  1.00000000e+00  4.69886567e-16
89.200000  5.06589129e-02 -1.08058712e-02 -1.08058712e-02  1.00000000e+00  0.00000000e+00
89.300000  6.49508330e-02 -1.04306120e-02 -1.04306120e-02  1.00000000e+00  4.15777012e-16
89.400000  8.60570162e-02 -9.95352446e-03 -9.95352446e-03  1.00000000e+00  5.22847003e-16
89.500000  1.21187376e-01 -9.37952798e-03 -9.37952798e-03  1.00000000e+00  9.24739219e-16
89.600000  1.93691480e-01 -8.71448470e-03 -8.71448470e-03  1.00000000e+00  1.19437250e-15
89.700000  4.45353451e-01 -7.96513983e-03 -7.96513983e-03  1.00000000e+00  3.26684185e-16
89.800000 -1.66914582e+00 -7.13905341e-03 -7.13905341e-03  9.91482291e-01  7.89719725e-16
89.900000 -2.88349905e-01 -6.24452425e-03 -6.24452425e-03  9.57605958e-01  4.16698712e-16
90.000000 -1.54640607e-01 -5.29050664e-03 -5.29050664e-03  9.33840182e-01  0.00000000e+00
90.100000 -1.02883108e-01 -4.28652091e-03 -4.28652091e-03  9.20004932e-01  1.51759741e-15
90.200000 -7.46894374e-02 -3.24255858e-03 -3.24255858e-03  9.16784921e-01  3.81177531e-15
90.300000 -5.65006208e-02 -2.16898301e-03 -2.16898301e-03  9.26061099e-01  1.89949310e-15
90.400000 -4.34988329e-02 -1.07642666e-03 -1.07642666e-03  9.51702955e-01  3.12239270e-15
90.500000 -3.35464686e-02  2.43140731e-05  2.43140731e-05  1.00000000e+00  4.93712053e-13
90.600000 -2.55539719e-02  1.12238545e-03  1.12238545e-03  1.00000000e+00  1.25577432e-14
90.700000 -1.89107670e-02  2.20698329e-03  2.20698329e-03  1.00000000e+00  9.72694405e-15
90.800000 -1.32505036e-02  3.26745924e-03  3.26745924e-03  1.00000000e+00  3.45090842e-15
90.900000 -8.34187817e-03  4.29342514e-03  4.29342514e-03  1.00000000e+00  4.94951278e-15
91.000000 -4.03304823e-03  5.27485477e-03  5.27485477e-03  1.00000000e+00  4.27526561e-15
91.100000 -2.21244440e-04  6.20218174e-03  6.20218174e-03  1.00000000e+00  1.32855451e-15
91.200000  3.16482713e-03  7.06639265e-03  7.06639265e-03  3.81339234e-01  1.84116942e-15
91.300000  6.17567531e-03  7.85911465e-03  7.85911465e-03  1.19947598e-01  5.51818988e-16
91.400000  8.84778568e-03  8.57269648e-03  8.57269648e-03  1.57911353e-02  1.72001302e-15
91.500000  1.12080479e-02  9.20028231e-03  9.20028231e-03  9.83797093e-02  9.42755568e-17
91.600000  1.32767420e-02  9.73587749e-03  9.73587749e-03  1.53866209e-01  1.78178441e-15
91.700000  1.50696047e-02  1.01744058e-02  1.01744058e-02  1.93915264e-01  6.81995003e-16
91.800000  1.65992907e-02  1.05117574e-02  1.05117574e-02  2.24540685e-01  1.40272925e-15
91.900000  1.78764244e-02  1.07448274e-02  1.07448274e-02  2.49171384e-01  4.84341927e-16
92.000000  1.89103679e-02  1.08715444e-02  1.08715444e-02  2.69923014e-01  8.77610282e-16
92.100000  1.97097869e-02  1.08908882e-02  1.08908882e-02  2.88192947e-01  3.98205235e-16
92.200000  2.02830698e-02  1.08028984e-02  1.08028984e-02  3.04966258e-01  5.62028073e-16
92.300000  2.06386367e-02  1.06086713e-02  1.06086713e-02  3.20986545e-01  5.72317871e-16
92.400000  2.07851661e-02  1.03103470e-02  1.03103470e-02  3.36859503e-01  5.04752210e-16
92.500000  2.07317562e-02  9.91108628e-03  9.91108628e-03  3.53122263e-01  1.13768585e-15
92.600000  2.04880356e-02  9.41503727e-03  9.41503727e-03  3.70296337e-01  1.38187728e-15
92.700000  2.00642327e-02  8.82729254e-03  8.82729254e-03  3.88935513e-01  1.76866363e-15
92.800000  1.94712111e-02  8.15383705e-03  8.15383705e-03  4.09677985e-01  4.25498686e-16
92.900000  1.87204775e-02  7.40148736e-03  7.40148736e-03  4.33313123e-01  2.34374983e-15
93.000000  1.78241665e-02  6.57782275e-03  6.57782275e-03  4.60878154e-01  1.18675372e-15
93.100000  1.67950054e-02  5.69110907e-03  5.69110907e-03  4.93811252e-01  5.33422580e-16
93.200000  1.56462629e-02  4.75021586e-03  4.75021586e-03  5.34212164e-01  3.37799221e-15
93.300000  1.43916841e-02  3.76452781e-03  3.76452781e-03  5.85317926e-01  7.48812544e-16
93.400000  1.30454137e-02  2.74385126e-03  2.74385126e-03  6.52440913e-01  4.89972147e-15
93.500000  1.16219101e-02  1.69831673e-03  1.69831673e-03  7.45001830e-01  1.21934037e-14
93.600000  1.01358517e-02  6.38278520e-04  6.38278520e-04  8.81516464e-01  1.01068777e-14
93.700000  8.60203778e-03 -4.25787763e-04 -4.25787763e-04  1.00000000e+00  3.65400383e-14
93.800000  7.03528496e-03 -1.48338861e-03 -1.48338861e-03  1.00000000e+00  2.99667187e-15
93.900000  5.45032102e-03 -2.52411600e-03 -2.52411600e-03  1.00000000e+00  2.66313175e-15
94.000000  3.86167768e-03 -3.53774978e-03 -3.53774978e-03  1.00000000e+00  3.92277257e-15
94.100000  2.28358347e-03 -4.51435790e-03 -4.51435790e-03  1.00000000e+00  4.22694848e-15
94.200000  7.29858075e-04 -5.44439368e-03 -5.44439368e-03  1.00000000e+00  1.43381543e-15
94.300000 -7.86190542e-04 -6.31878910e-03 -6.31878910e-03  7.78693091e-01  1.57857144e-15
94.400000 -2.25186525e-03 -7.12904309e-03 -7.12904309e-03  5.19904647e-01  1.70332318e-15
94.500000 -3.65517388e-03 -7.86730416e-03 -7.86730416e-03  3.65557675e-01  2.31522719e-15
94.600000 -4.98491743e-03 -8.52644644e-03 -8.52644644e-03  2.62114842e-01  2.23797316e-15
94.700000 -6.23077145e-03 -9.10013835e-03 -9.10013835e-03  1.87162206e-01  1.42969541e-15
94.800000 -7.38335974e-03 -9.58290343e-03 -9.58290343e-03  1.29642200e-01  1.35767058e-15
94.900000 -8.43431971e-03 -9.97017252e-03 -9.97017252e-03  8.34498876e-02  1.04394792e-15
95.000000 -9.37635865e-03 -1.02583270e-02 -1.02583270e-02  4.49188913e-02  9.30071654e-16
95.100000 -1.02033005e-02 -1.04447323e-02 -1.04447323e-02  1.16927276e-02  7.47386858e-16
95.200000 -1.09101224e-02 -1.05277622e-02 -1.05277622e-02  1.78357244e-02  6.59104351e-16
95.300000 -1.14929817e-02 -1.05068127e-02 -1.05068127e-02  4.48262803e-02  1.23828476e-15
95.400000 -1.19492309e-02 -1.03823057e-02 -1.03823057e-02  7.01664762e-02  2.50626912e-16
95.500000 -1.22774239e-02 -1.01556829e-02 -1.01556829e-02  9.45807888e-02  3.41626159e-16
95.600000 -1.24773096e-02 -9.82938979e-03 -9.82938979e-03  1.18705139e-01  2.64725000e-16
95.700000 -1.25498168e-02 -9.40684903e-03 -9.40684903e-03  1.43144127e-01  7.37642741e-16
95.800000 -1.24970270e-02 -8.89242519e-03 -8.89242519e-03  1.68522400e-01  6.82775737e-16
95.900000 -1.23221385e-02 -8.29137962e-03 -8.29137962e-03  1.95539590e-01  1.56915093e-15
96.000000 -1.20294200e-02 -7.60981686e-03 -7.60981686e-03  2.25039454e-01  1.59571046e-15
96.100000 -1.16241554e-02 -6.85462277e-03 -6.85462277e-03  2.58108657e-01  8.22488923e-16
96.200000 -1.11125797e-02 -6.03339508e-03 -6.03339508e-03  2.96231896e-01  1.79700179e-15
96.300000 -1.05018073e-02 -5.15436710e-03 -5.15436710e-03  3.41554717e-01  0.00000000e+00
96.400000 -9.79975286e-03 -4.22632530e-03 -4.22632530e-03  3.97361792e-01  2.05228343e-16
96.500000 -9.01504543e-03 -3.25852158e-03 -3.25852158e-03  4.69017999e-01  1.99636948e-15
96.600000 -8.15693764e-03 -2.26058115e-03 -2.26058115e-03  5.66003922e-01  7.38602703e-15
96.700000 -7.23520963e-03 -1.24240688e-03 -1.24240688e-03  7.06897126e-01  1.30026746e-14
96.800000 -6.26006951e-03 -2.14081185e-04 -2.14081185e-04  9.33865863e-01  4.07687742e-14
96.900000 -5.24205092e-03  8.14233778e-04  8.14233778e-04  1.00000000e+00  2.63649134e-14
97.000000 -4.19190881e-03  1.83239643e-03  1.83239643e-03  1.00000000e+00  2.84008981e-15
97.100000 -3.12051447e-03  2.83038570e-03  2.83038570e-03  1.00000000e+00  7.50793879e-15
97.200000 -2.03875067e-03  3.79839960e-03  3.79839960e-03  1.00000000e+00  5.53746955e-15
97.300000 -9.57408091e-04  4.72695143e-03  4.72695143e-03  1.00000000e+00  4.67906740e-15
97.400000  1.12916180e-04  5.60696264e-03  5.60696264e-03  9.60517982e-01  1.08285583e-15
97.500000  1.16191696e-03  6.42985161e-03  6.42985161e-03  6.93900848e-01  3.30495381e-15
97.600000  2.17967531e-03  7.18761719e-03  7.18761719e-03  5.34619996e-01  1.50843060e-15
97.700000  3.15674799e-03  7.87291653e-03  7.87291653e-03  4.27589482e-01  2.75425802e-15
97.800000  4.08425118e-03  8.47913611e-03  8.47913611e-03  3.49816879e-01  1.02293645e-16
97.900000  4.95393785e-03  9.00045556e-03  9.00045556e-03  2.89981628e-01  3.56563999e-15
98.000000  5.75826790e-03  9.43190349e-03  9.43190349e-03  2.41842932e-01  2.20704991e-15
98.100000  6.49047067e-03  9.76940479e-03  9.76940479e-03  2.01658010e-01  2.04202000e-15
98.200000  7.14459913e-03  1.00098191e-02  1.00098191e-02  1.67025192e-01  9.53161990e-16
98.300000  7.71557544e-03  1.01509700e-02  1.01509700e-02  1.36310323e-01  8.54461925e-16
98.400000  8.19922740e-03  1.01916644e-02  1.01916644e-02  1.08338249e-01  3.40420054e-16
98.500000  8.59231567e-03  1.01317026e-02  1.01317026e-02  8.22145601e-02  3.42434741e-16
98.600000  8.89255140e-03  9.97187806e-03  9.97187806e-03  5.72149113e-02  1.04376937e-15
98.700000  9.09860447e-03  9.71396790e-03  9.71396790e-03  3.27102226e-02  3.57160636e-16
98.800000  9.21010205e-03  9.36071327e-03  9.36071327e-03  8.11010273e-03  1.01925770e-15
98.900000  9.22761782e-03  8.91579046e-03  8.91579046e-03  1.71868126e-02  7.78270186e-16
99.000000  9.15265200e-03  8.38377286e-03  8.38377286e-03  4.38446916e-02  5.17286043e-16
99.100000  8.98760241e-03  7.77008406e-03  7.77008406e-03  7.26543223e-02  1.73023957e-15
99.200000  8.73572703e-03  7.08094269e-03  7.08094269e-03  1.04622804e-01  1.83738616e-16
99.300000  8.40109847e-03  6.32329957e-03  6.32329957e-03  1.41112654e-01  9.60184172e-16
99.400000  7.98855093e-03  5.50476769e-03  5.50476769e-03  1.84075046e-01  6.30262192e-16
99.500000  7.50362026e-03  4.63354581e-03  4.63354581e-03  2.36469900e-01  1.40393843e-15
99.600000  6.95247765e-03  3.71833649e-03  3.71833649e-03  3.03082887e-01  3.32404149e-15
99.700000  6.34185795e-03  2.76825921e-03  2.76825921e-03  3.92267045e-01  6.18814678e-15
99.800000  5.67898318e-03  1.79275965e-03  1.79275965e-03  5.20122763e-01  9.49484450e-15
99.900000  4.97148205e-03  8.01515816e-04  8.01515816e-04  7.22322497e-01  4.46387595e-15
100.000000  4.22730655e-03 -1.95657860e-04 -1.95657860e-04  1.00000000e+00  9.92588360e-14
